-2565141.897000,5085629.240000,-2860404.151000
-2565103.706000,5085652.070000,-2860397.851000
-2565106.318000,5085631.666000,-2860431.559000
-2565135.543000,5085609.653000,-2860444.402000
-2565169.473000,5085602.304000,-2860427.157000
-2565183.219000,5085615.040000,-2860392.420000
-2565165.241000,5085638.588000,-2860366.846000
-2565130.393000,5085654.868000,-2860369.138000
-2564871.804000,5085841.582000,-2860269.714000
-2564867.880000,5085821.048000,-2860309.475000
-2564901.528000,5085814.774000,-2860290.586000
-2564912.380000,5085829.016000,-2860255.766000
-2564892.737000,5085852.513000,-2860231.761000
-2564857.087000,5085867.955000,-2860236.242000
-2564832.569000,5085863.317000,-2860266.273000
-2564837.856000,5085842.229000,-2860298.810000
-2564445.126000,5086032.422000,-2860312.667000
-2564425.707000,5086020.471000,-2860351.068000
-2564460.804000,5086005.922000,-2860345.509000
-2564485.041000,5086011.197000,-2860314.608000
-2564478.690000,5086032.562000,-2860282.527000
-2564447.211000,5086053.575000,-2860273.448000
-2564414.580000,5086058.750000,-2860293.368000
-2564404.638000,5086044.234000,-2860327.860000
-2563942.212000,5086109.063000,-2860625.113000
-2563922.263000,5086097.380000,-2860663.505000
-2563958.300000,5086082.512000,-2860657.680000
-2563981.359000,5086087.886000,-2860627.660000
-2563975.693000,5086109.043000,-2860595.340000
-2563944.405000,5086130.257000,-2860585.730000
-2563911.011000,5086135.683000,-2860605.878000
-2563901.344000,5086120.626000,-2860641.076000
-2563523.454000,5085969.565000,-2861244.189000
-2563485.122000,5085992.641000,-2861237.560000
-2563487.558000,5085972.299000,-2861271.307000
-2563516.567000,5085950.213000,-2861284.488000
-2563550.653000,5085942.523000,-2861267.730000
-2563564.739000,5085954.817000,-2861233.487000
-2563547.352000,5085978.527000,-2861207.099000
-2563511.974000,5085995.161000,-2861209.213000
-2563417.199000,5085537.089000,-2862102.184000
-2563458.760000,5085520.422000,-2862094.626000
-2563443.784000,5085544.007000,-2862066.323000
-2563408.928000,5085562.022000,-2862065.536000
-2563380.776000,5085560.896000,-2862092.569000
-2563379.541000,5085542.352000,-2862126.398000
-2563407.326000,5085519.149000,-2862142.631000
-2563442.322000,5085509.845000,-2862127.918000
-2563858.162000,5084810.573000,-2862991.892000
-2563830.158000,5084805.039000,-2863026.563000
-2563864.618000,5084786.222000,-2863029.107000
-2563894.145000,5084785.925000,-2863003.366000
-2563896.476000,5084804.406000,-2862968.690000
-2563869.883000,5084827.314000,-2862951.931000
-2563834.380000,5084837.773000,-2862965.061000
-2563816.925000,5084827.721000,-2862998.320000
-2565004.052000,5083908.799000,-2863563.043000
-2565020.890000,5083882.260000,-2863594.862000
-2565044.250000,5083887.876000,-2863564.175000
-2565036.928000,5083909.726000,-2863532.156000
-2565004.677000,5083930.795000,-2863523.696000
-2564972.541000,5083934.995000,-2863544.883000
-2564963.667000,5083919.756000,-2863579.653000
-2564985.297000,5083896.158000,-2863602.022000
-2566814.888000,5083098.518000,-2863380.102000
-2566831.712000,5083112.261000,-2863340.887000
-2566796.255000,5083125.350000,-2863349.380000
-2566774.887000,5083118.224000,-2863380.971000
-2566783.290000,5083096.496000,-2863411.804000
-2566816.150000,5083075.930000,-2863418.809000
-2566847.604000,5083072.708000,-2863396.482000
-2566854.410000,5083088.975000,-2863361.738000
-2569045.689000,5082664.331000,-2862158.192000
-2569085.472000,5082643.369000,-2862159.698000
-2569078.579000,5082665.099000,-2862127.513000
-2569047.050000,5082685.969000,-2862118.811000
-2569014.508000,5082690.693000,-2862139.492000
-2569004.933000,5082675.923000,-2862174.081000
-2569026.244000,5082652.210000,-2862196.910000
-2569062.261000,5082637.746000,-2862190.311000
-2570724.775000,5083363.839000,-2859425.390000
-2570719.005000,5083388.141000,-2859387.629000
-2570689.586000,5083388.638000,-2859413.023000
-2570686.115000,5083370.920000,-2859447.409000
-2570711.891000,5083347.695000,-2859465.405000
-2570747.465000,5083336.520000,-2859453.369000
-2570765.362000,5083346.137000,-2859420.405000
-2570753.788000,5083368.529000,-2859391.200000
-2565176.312000,5085127.685000,-2861259.089000
-2565141.092000,5085152.730000,-2861246.239000
-2565137.505000,5085134.944000,-2861280.833000
-2565163.188000,5085111.704000,-2861298.988000
-2565198.902000,5085100.612000,-2861286.764000
-2565216.966000,5085109.984000,-2861254.133000
-2565205.068000,5085132.841000,-2861224.377000
-2565170.668000,5085151.987000,-2861221.213000
-2565487.062000,5085080.242000,-2861066.089000
-2565462.011000,5085072.056000,-2861102.853000
-2565497.382000,5085054.635000,-2861102.103000
-2565524.684000,5085057.018000,-2861073.579000
-2565523.183000,5085076.903000,-2861039.810000
-2565494.041000,5085099.252000,-2861026.312000
-2565460.145000,5085107.085000,-2861042.672000
-2565445.845000,5085094.911000,-2861076.903000
-2565745.417000,5085166.469000,-2860683.708000
-2565785.447000,5085146.643000,-2860683.053000
-2565776.813000,5085168.750000,-2860651.711000
-2565744.723000,5085188.901000,-2860644.718000
-2565712.551000,5085192.672000,-2860666.722000
-2565705.228000,5085176.491000,-2860701.817000
-2565728.513000,5085152.558000,-2860723.331000
-2565764.032000,5085139.553000,-2860714.650000
-2565811.397000,5085433.468000,-2860153.423000
-2565824.519000,5085449.243000,-2860113.869000
-2565789.326000,5085460.515000,-2860125.322000
-2565770.407000,5085451.661000,-2860157.818000
-2565781.878000,5085429.016000,-2860187.590000
-2565815.511000,5085409.754000,-2860191.639000
-2565845.878000,5085408.496000,-2860166.802000
-2565850.544000,5085425.725000,-2860132.214000
-2565538.746000,5085882.221000,-2859603.723000
-2565575.514000,5085858.440000,-2859612.969000
-2565575.837000,5085877.575000,-2859578.876000
-2565548.497000,5085900.214000,-2859563.246000
-2565513.838000,5085909.414000,-2859577.880000
-2565497.346000,5085898.658000,-2859611.578000
-2565511.964000,5085875.355000,-2859639.719000
-2565547.167000,5085857.435000,-2859640.006000
-2564830.814000,5086438.852000,-2859251.086000
-2564789.940000,5086453.882000,-2859260.947000
-2564806.373000,5086430.572000,-2859287.494000
-2564840.973000,5086413.374000,-2859287.053000
-2564868.464000,5086415.534000,-2859258.741000
-2564867.318000,5086435.009000,-2859225.350000
-2564838.510000,5086457.504000,-2859211.270000
-2564804.249000,5086465.946000,-2859226.879000
-2563712.351000,5086938.666000,-2859364.212000
-2563724.033000,5086955.514000,-2859324.036000
-2563688.613000,5086965.719000,-2859337.547000
-2563671.553000,5086955.610000,-2859370.604000
-2563684.302000,5086933.161000,-2859398.920000
-2563718.261000,5086914.494000,-2859401.664000
-2563747.856000,5086914.120000,-2859375.968000
-2563750.388000,5086932.326000,-2859341.541000
-2562392.636000,5087140.251000,-2860182.895000
-2562404.733000,5087114.252000,-2860218.062000
-2562431.097000,5087117.442000,-2860188.966000
-2562428.652000,5087137.580000,-2860155.563000
-2562398.990000,5087159.685000,-2860142.906000
-2562364.902000,5087166.999000,-2860160.319000
-2562351.524000,5087154.333000,-2860194.602000
-2562369.472000,5087130.794000,-2860220.217000
-2561296.869000,5086773.511000,-2861805.233000
-2561324.651000,5086746.359000,-2861828.472000
-2561337.877000,5086759.284000,-2861793.895000
-2561320.497000,5086782.796000,-2861767.833000
-2561285.244000,5086799.165000,-2861770.272000
-2561258.844000,5086796.577000,-2861798.311000
-2561260.368000,5086776.839000,-2861831.806000
-2561289.671000,5086754.474000,-2861845.242000
-2561015.935000,5085639.790000,-2864055.526000
-2560984.972000,5085636.731000,-2864088.424000
-2561017.954000,5085616.756000,-2864094.360000
-2561049.365000,5085613.945000,-2864071.418000
-2561055.543000,5085630.821000,-2864036.166000
-2561031.837000,5085654.359000,-2864015.706000
-2560996.050000,5085666.755000,-2864025.627000
-2560975.341000,5085658.796000,-2864058.060000
-2562172.528000,5083734.483000,-2866386.986000
-2562133.044000,5083743.069000,-2866406.917000
-2562157.567000,5083719.717000,-2866426.283000
-2562192.931000,5083707.334000,-2866416.699000
-2562213.097000,5083715.909000,-2866383.686000
-2562202.834000,5083738.027000,-2866353.833000
-2562169.780000,5083757.685000,-2866348.551000
-2562138.745000,5083760.090000,-2866371.868000
-2564373.156000,5085662.559000,-2861029.910000
-2564397.287000,5085671.292000,-2860993.006000
-2564362.194000,5085687.984000,-2860994.777000
-2564334.935000,5085685.923000,-2861022.686000
-2564336.612000,5085666.134000,-2861056.133000
-2564365.441000,5085643.561000,-2861070.322000
-2564400.157000,5085635.392000,-2861053.839000
-2564414.345000,5085647.971000,-2861018.997000
-2564332.370000,5085497.626000,-2861357.414000
-2564291.511000,5085509.134000,-2861373.470000
-2564313.184000,5085485.250000,-2861396.342000
-2564348.837000,5085471.081000,-2861389.618000
-2564372.128000,5085476.759000,-2861358.860000
-2564365.646000,5085498.171000,-2861326.830000
-2564334.058000,5085518.939000,-2861318.286000
-2564301.315000,5085523.907000,-2861338.664000
-2564500.840000,5085220.408000,-2861696.808000
-2564511.018000,5085238.172000,-2861656.391000
-2564475.731000,5085247.766000,-2861670.869000
-2564459.789000,5085236.721000,-2861704.554000
-2564474.112000,5085213.946000,-2861732.005000
-2564508.735000,5085195.487000,-2861733.768000
-2564537.206000,5085196.113000,-2861707.318000
-2564538.491000,5085214.837000,-2861673.126000
-2564938.092000,5084876.735000,-2861914.143000
-2564897.325000,5084889.594000,-2861927.741000
-2564916.739000,5084866.094000,-2861951.931000
-2564952.114000,5084850.409000,-2861948.121000
-2564977.216000,5084854.994000,-2861917.683000
-2564972.053000,5084876.164000,-2861884.917000
-2564941.628000,5084897.333000,-2861874.643000
-2564908.754000,5084903.344000,-2861893.299000
-2565628.641000,5084567.761000,-2861844.586000
-2565665.005000,5084543.046000,-2861855.820000
-2565666.806000,5084561.614000,-2861821.448000
-2565640.026000,5084584.818000,-2861804.345000
-2565604.796000,5084594.880000,-2861817.960000
-2565587.158000,5084584.500000,-2861851.985000
-2565601.898000,5084561.080000,-2861880.190000
-2565636.595000,5084542.990000,-2861881.217000
-2566443.810000,5084442.883000,-2861338.903000
-2566484.482000,5084431.148000,-2861323.379000
-2566463.511000,5084455.046000,-2861299.881000
-2566427.587000,5084469.453000,-2861306.459000
-2566404.300000,5084463.643000,-2861337.461000
-2566410.593000,5084442.600000,-2861368.996000
-2566442.308000,5084421.360000,-2861378.230000
-2566475.004000,5084416.552000,-2861357.586000
-2567120.333000,5084669.193000,-2860336.453000
-2567158.159000,5084663.880000,-2860312.113000
-2567130.363000,5084686.951000,-2860296.155000
-2567095.633000,5084696.232000,-2860310.727000
-2567078.935000,5084685.564000,-2860344.451000
-2567094.023000,5084662.303000,-2860372.073000
-2567128.571000,5084644.391000,-2860372.903000
-2567157.172000,5084644.946000,-2860346.426000
-2567401.052000,5085228.971000,-2859097.434000
-2567437.910000,5085204.682000,-2859107.471000
-2567438.214000,5085223.857000,-2859073.323000
-2567411.022000,5085246.766000,-2859057.104000
-2567376.022000,5085256.093000,-2859071.843000
-2567359.990000,5085245.136000,-2859105.502000
-2567374.639000,5085221.903000,-2859133.481000
-2567409.402000,5085204.120000,-2859133.891000
-2566578.164000,5086544.615000,-2857506.203000
-2566551.876000,5086571.468000,-2857482.177000
-2566536.957000,5086559.620000,-2857516.436000
-2566553.470000,5086536.181000,-2857543.148000
-2566588.635000,5086519.206000,-2857541.789000
-2566615.963000,5086521.158000,-2857513.955000
-2566614.414000,5086540.889000,-2857480.451000
-2566585.830000,5086563.284000,-2857466.355000
-2564722.469000,5088003.536000,-2856581.103000
-2564759.581000,5087979.568000,-2856590.411000
-2564759.594000,5087998.810000,-2856556.356000
-2564732.193000,5088021.422000,-2856540.787000
-2564697.559000,5088030.554000,-2856555.516000
-2564681.304000,5088019.576000,-2856589.435000
-2564696.541000,5087996.176000,-2856617.247000
-2564731.385000,5087978.382000,-2856617.654000
-2562002.064000,5089223.386000,-2856847.461000
-2561975.549000,5089250.615000,-2856822.899000
-2561960.681000,5089238.656000,-2856857.305000
-2561977.405000,5089214.983000,-2856884.296000
-2562012.235000,5089198.027000,-2856883.272000
-2562039.852000,5089199.851000,-2856855.445000
-2562038.727000,5089219.420000,-2856821.819000
-2562010.616000,5089241.780000,-2856807.296000
