3826923.942,460915.117,5064643.229
3826921.923,460914.874,5064644.767
3826922.604,460917.222,5064644.043
3826924.742,460917.480,5064642.415
3826925.961,460915.360,5064641.691
3826925.280,460913.012,5064642.415
3826923.142,460912.754,5064644.043
3826923.732,460920.901,5064642.864
3826926.764,460919.515,5064640.713
3826928.476,460916.071,5064639.740
3826928.066,460912.180,5064640.399
3826925.726,460909.663,5064642.383
3826922.552,460909.699,5064644.762
3826920.028,460912.269,5064646.425
3826919.336,460916.173,5064646.591
3826920.799,460919.581,5064645.185
3826919.387,460922.786,5064645.955
3826921.777,460924.732,5064643.985
3826925.788,460925.017,5064640.948
3826930.536,460920.496,5064637.793
3826931.725,460917.562,5064637.166
3826931.955,460913.279,5064637.380
3826930.189,460909.769,5064639.023
3826926.470,460906.570,5064642.104
3826922.805,460905.422,5064644.959
3826919.478,460907.043,5064647.310
3826917.718,460910.424,5064648.325
3826916.706,460915.156,5064648.657
3826917.359,460919.687,5064647.757
3826917.849,460927.642,5064646.671
3826920.467,460929.430,5064644.544
3826922.970,460929.232,5064642.683
3826929.037,460926.287,5064638.395
3826931.419,460926.467,5064636.591
3826933.818,460919.467,5064635.423
3826934.446,460914.429,5064635.406
3826935.315,460909.190,5064635.228
3826933.123,460907.398,5064637.035
3826930.316,460904.391,5064639.414
3826925.171,460901.956,5064643.496
3826922.985,460901.538,5064645.175
3826919.010,460903.744,5064647.959
3826915.727,460904.626,5064650.344
3826912.870,460912.903,5064651.740
3826912.826,460916.874,5064651.414
3826913.545,460922.213,5064650.392
3826916.162,460979.704,5064643.231
3826975.462,460921.324,5064603.996
3826912.376,460926.522,5064650.879
3826912.010,460929.574,5064650.879
3826923.241,460935.454,5064641.917
3826935.123,460928.379,5064633.638
3826937.998,460924.821,5064631.801
3826938.579,460912.716,5064632.459
3826933.640,460901.330,5064637.196
3826929.490,460895.587,5064640.830
3826918.138,460899.025,5064649.040
3826912.129,460902.660,5064653.222
3826909.288,460912.110,5064654.500
3826904.059,460917.392,5064657.948
3826907.053,460929.605,5064654.596
3826914.416,460938.089,5064648.303
3826919.044,460940.209,5064644.637
3826925.651,460941.536,5064639.558
3826937.473,460931.128,5064631.625
3826941.515,460924.704,5064629.172
3826944.806,460911.304,5064627.913
3826939.943,460898.833,5064632.690
3826934.923,460892.318,5064637.047
3826925.747,460890.418,5064644.107
3826912.888,460892.720,5064653.551
3826903.727,460906.847,5064659.150
3826896.198,460917.436,5064663.845
3826901.395,460930.448,5064658.767
3826908.929,460941.084,5064652.151
3826913.879,460945.821,5064648.008
3826929.002,460945.599,5064636.676
3826942.638,460938.710,5064627.063
3826948.445,460928.433,5064623.633
3826947.528,460919.233,5064625.153
3826950.485,460904.914,5064624.227
3826942.573,460889.265,5064631.581
3826936.680,460884.557,5064636.430
3826924.504,460880.544,5064645.932
3826918.397,460884.034,5064650.201
3826903.840,460894.689,5064660.165
3826902.661,460901.294,5064660.453
3826897.781,460900.110,5064664.222
3826895.638,460939.209,5064662.297
3826912.304,460953.029,5064648.538
3826927.992,460956.349,5064636.462
3826939.767,460949.055,5064628.283
3826956.704,460908.278,5064619.256
3826946.610,460890.542,5064628.435
3826939.307,460877.491,5064635.096
3826905.065,460885.717,5064660.056
3826577.462,461022.624,5064892.526
3826575.443,461022.381,5064894.064
3826576.124,461024.729,5064893.340
3826578.262,461024.987,5064891.712
3826579.481,461022.867,5064890.988
3826578.800,461020.519,5064891.712
3826576.662,461020.261,5064893.340
3826574.389,461018.499,5064895.205
3826572.869,461022.071,5064896.024
3826573.497,461025.901,5064895.206
3826575.981,461028.199,5064893.133
3826579.158,461027.888,5064890.777
3826581.541,461025.114,5064889.239
3826582.015,461021.174,5064889.239
3826580.359,461017.914,5064890.777
3826577.348,461016.857,5064893.133
3826576.625,461013.450,5064893.983
3826573.729,461014.193,5064896.090
3826570.534,461017.473,5064898.192
3826569.465,461024.669,5064898.344
3826570.205,461027.700,5064897.514
3826572.423,461030.819,5064895.568
3826575.721,461031.683,5064893.014
3826580.324,461030.641,5064889.653
3826583.738,461028.248,5064887.307
3826585.352,461024.261,5064886.456
3826584.795,461020.431,5064887.220
3826582.917,461016.329,5064889.000
3826579.892,461013.805,5064891.499
3826575.077,461008.807,5064895.565
3826572.097,461009.856,5064897.707
3826570.313,461012.159,5064898.838
3826567.366,461019.423,5064900.394
3826565.462,461021.364,5064901.648
3826567.557,461028.214,5064899.456
3826569.895,461032.194,5064897.341
3826572.165,461036.517,5064895.246
3826574.824,461035.840,5064893.312
3826578.629,461035.458,5064890.490
3826583.884,461032.660,5064886.798
3826585.772,461031.053,5064885.526
3826587.548,461026.105,5064884.641
3826589.541,461022.659,5064883.456
3826587.080,461014.541,5064886.037
3826584.895,461011.796,5064887.925
3826581.367,461008.779,5064890.846
3826603.808,460976.998,5064876.875
3826612.942,461052.775,5064863.169
3826579.845,461004.829,5064892.346
3826578.418,461002.430,5064893.634
3826566.631,461008.153,5064901.964
3826561.591,461023.269,5064904.381
3826561.401,461028.186,5064904.079
3826567.724,461036.942,5064898.542
3826577.824,461040.425,5064890.646
3826584.173,461040.745,5064885.851
3826590.845,461028.566,5064881.943
3826593.363,461020.884,5064880.748
3826590.234,461011.978,5064883.902
3826591.241,461003.848,5064883.880
3826582.152,460998.116,5064891.221
3826571.839,460998.710,5064898.908
3826567.152,461001.274,5064902.194
3826561.409,461006.093,5064906.069
3826558.276,461023.431,5064906.855
3826558.805,461031.312,5064905.745
3826563.800,461043.298,5064900.913
3826574.447,461047.588,5064892.533
3826581.887,461047.680,5064886.940
3826589.895,461041.026,5064881.531
3826598.341,461028.317,5064876.339
3826597.384,461010.750,5064878.646
3826597.167,460997.007,5064880.050
3826585.964,460992.640,5064888.855
3826574.320,460991.915,5064897.660
3826567.927,460992.974,5064902.363
3826556.603,461006.227,5064909.665
3826550.130,461022.736,5064913.031
3826551.476,461034.774,5064910.933
3826557.309,461040.251,5064906.060
3826563.070,461052.575,5064900.622
3826577.802,461056.389,5064889.219
3826584.892,461054.493,5064884.068
3826596.350,461046.681,5064876.174
3826599.024,461039.011,5064874.860
3826604.091,461019.135,5064872.853
3826601.293,461013.611,5064875.453
3826605.648,461010.191,5064872.493
3826585.426,460981.679,5064890.249
3826565.092,460986.695,5064905.059
3826551.362,460998.023,5064914.340
3826546.525,461013.197,5064916.600
3826556.484,461055.669,5064905.285
3826574.033,461059.016,5064891.811
3826586.851,461061.587,5064881.957
3826608.175,461026.314,5064869.139
3826517.144,460929.742,5064946.197
3826515.124,460929.498,5064947.735
3826515.805,460931.847,5064947.011
3826517.944,460932.104,5064945.383
3826519.163,460929.985,5064944.659
3826518.482,460927.637,5064945.383
3826516.344,460927.379,5064947.011
3826521.697,460928.292,5064942.910
3826520.041,460925.032,5064944.448
3826517.029,460923.975,5064946.804
3826514.071,460925.617,5064948.877
3826512.550,460929.188,5064949.695
3826513.179,460933.019,5064948.877
3826515.663,460935.317,5064946.805
3826518.840,460935.005,5064944.448
3826521.223,460932.232,5064942.910
3826523.991,460932.995,5064940.763
3826525.057,460929.531,5064940.277
3826524.519,460924.593,5064941.126
3826520.092,460920.178,5064944.848
3826517.577,460919.604,5064946.788
3826514.192,460920.586,5064949.240
3826511.787,460923.756,5064950.759
3826509.996,460929.200,5064951.612
3826509.794,460933.972,5064951.331
3826511.689,460937.521,5064949.589
3826514.661,460938.655,5064947.255
3826518.544,460938.485,5064944.356
3826521.957,460936.362,5064941.986
3826528.071,460933.427,5064937.662
3826528.971,460929.732,5064937.320
3826528.342,460926.763,5064938.061
3826524.894,460920.288,5064941.234
3826524.583,460917.352,5064941.733
3826518.667,460916.511,5064946.250
3826514.617,460917.233,5064949.224
3826510.365,460917.726,5064952.372
3826509.382,460920.904,5064952.822
3826507.567,460925.187,5064953.797
3826506.642,460932.130,5064953.864
3826506.729,460934.898,5064953.548
3826509.203,460939.057,5064951.315
3826510.514,460942.771,5064949.996
3826517.514,460943.792,5064944.650
3826520.620,460942.676,5064942.419
3826524.650,460940.233,5064939.614
3826478.494,460906.098,5064977.346
3826495.992,460979.267,5064957.598
3826528.234,460940.379,5064936.911
3826530.685,460939.925,5064935.112
3826533.146,460924.602,5064934.650
3826525.374,460912.308,5064941.595
3826522.054,460909.876,5064944.307
3826512.497,460912.736,5064951.222
3826504.549,460922.066,5064956.345
3826500.853,460928.778,5064958.512
3826505.687,460941.504,5064953.734
3826509.660,460947.705,5064950.191
3826517.573,460948.360,5064944.192
3826522.684,460953.132,5064939.924
3826531.648,460945.912,5064933.848
3826536.874,460934.505,5064930.957
3826537.651,460928.281,5064930.936
3826537.435,460919.895,5064931.856
3826527.074,460908.654,5064940.649
3826521.296,460905.655,5064945.257
3826510.216,460905.618,5064953.577
3826501.407,460915.174,5064959.326
3826497.273,460923.167,5064961.706
3826497.528,460934.831,5064960.461
3826501.761,460949.712,5064955.939
3826514.519,460956.639,5064945.736
3826524.208,460962.632,5064937.922
3826533.378,460952.510,5064931.954
3826540.250,460940.263,5064927.902
3826543.008,460932.879,5064926.499
3826539.970,460914.644,5064930.428
3826532.013,460900.172,5064937.709
3826522.892,460896.171,5064944.916
3826515.888,460899.989,5064949.829
3826504.154,460900.627,5064958.579
3826493.442,460914.808,5064965.338
3826490.885,460923.326,5064966.487
3826490.059,460939.241,5064965.669
3826493.939,460945.604,5064962.181
3826505.011,460960.082,5064952.562
3826510.389,460959.564,5064948.572
3826510.389,460965.817,5064948.007
3826541.305,460956.898,5064925.607
3826548.931,460932.662,5064922.073
3826548.550,460912.700,5064924.163
3826540.628,460900.601,5064931.204
3826505.601,460892.112,5064958.262
3826493.674,460909.547,5064965.639
3826484.874,460922.227,5064971.099
3826497.778,460961.241,5064957.887
3826654.593,460939.252,5064842.166
3826652.573,460939.008,5064843.704
3826653.255,460941.357,5064842.980
3826655.393,460941.614,5064841.352
3826656.612,460939.495,5064840.628
3826655.931,460937.147,5064841.352
3826653.793,460936.889,5064842.980
3826653.112,460944.827,5064842.773
3826656.289,460944.515,5064840.417
3826658.672,460941.742,5064838.879
3826659.146,460937.802,5064838.879
3826657.490,460934.542,5064840.417
3826654.479,460933.485,5064842.773
3826651.520,460935.127,5064844.845
3826650.000,460938.698,5064845.664
3826650.628,460942.529,5064844.846
3826648.583,460945.172,5064846.142
3826650.413,460947.894,5064844.522
3826654.145,460949.550,5064841.571
3826659.642,460946.771,5064837.697
3826661.417,460944.313,5064836.586
3826662.583,460940.212,5064836.081
3826661.691,460936.179,5064837.116
3826658.880,460931.777,5064839.624
3826655.666,460929.397,5064842.251
3826652.158,460929.836,5064844.844
3826649.743,460932.531,5064846.414
3826647.737,460936.802,5064847.533
3826647.350,460941.450,5064847.404
3826646.051,460949.384,5064847.662
3826648.132,460952.030,5064845.861
3826650.544,460952.696,5064843.990
3826656.939,460951.906,5064839.261
3826659.154,460952.901,5064837.509
3826662.975,460946.892,5064835.184
3826664.686,460942.191,5064834.324
3826666.669,460937.375,5064833.271
3826664.993,460934.873,5064834.755
3826663.002,460930.973,5064836.602
3826658.673,460926.828,5064840.227
3826656.697,460925.667,5064841.814
3826652.447,460926.455,5064844.933
3826649.144,460926.187,5064847.437
3826644.605,460933.284,5064850.202
3826643.684,460937.146,5064850.544
3826643.181,460942.606,5064850.429
3826665.235,460885.432,5064839.043
3826611.842,460928.938,5064875.188
3826641.120,460946.410,5064851.632
3826640.096,460949.262,5064852.143
3826649.422,460958.863,5064844.275
3826662.234,460956.040,5064834.913
3826665.743,460953.556,5064832.503
3826668.977,460941.940,5064831.126
3826666.827,460929.127,5064833.898
3826664.173,460922.095,5064836.526
3826652.666,460921.548,5064845.212
3826646.175,460923.030,5064849.951
3826641.392,460931.279,5064852.796
3826635.273,460934.638,5064857.085
3826635.399,460947.590,5064855.819
3826640.486,460958.403,5064851.024
3826644.396,460962.062,5064847.758
3826650.354,460965.629,5064842.963
3826663.849,460959.533,5064833.385
3826669.098,460954.651,5064829.886
3826675.183,460942.701,5064826.399
3826673.345,460928.856,5064829.030
3826670.038,460920.771,5064832.243
3826661.776,460915.760,5064838.898
3826649.097,460913.589,5064848.611
3826637.296,460924.229,5064856.507
3826627.823,460931.978,5064862.917
3826629.858,460946.468,5064860.080
3826634.629,460959.440,5064855.326
3826638.264,460965.765,5064852.027
3826652.625,460970.747,5064840.796
3826667.056,460968.709,5064830.149
3826674.830,460960.672,5064825.040
3826676.001,460951.378,5064825.001
3826681.974,460938.416,5064821.689
3826677.955,460920.420,5064826.332
3826673.421,460913.799,5064830.334
3826662.789,460905.695,5064839.047
3826656.235,460907.003,5064843.848
3826640.097,460912.400,5064855.474
3826637.517,460918.443,5064856.864
3826633.162,460915.609,5064860.389
3826622.468,460953.041,5064865.033
3826635.175,460972.260,5064853.758
3826649.286,460980.894,5064842.386
3826662.046,460977.820,5064833.085
3826687.113,460943.837,5064817.341
3826681.493,460923.054,5064823.438
3826677.474,460907.804,5064827.833
3826643.246,460904.063,5064853.864
3826669.146,461069.226,5064819.494
3826667.126,461068.983,5064821.032
3826667.808,461071.331,5064820.309
3826669.946,461071.589,5064818.680
3826671.165,461069.469,5064817.957
3826670.484,461067.121,5064818.680
3826668.346,461066.863,5064820.308
3826672.521,461065.028,5064817.341
3826669.679,461063.452,5064819.616
3826666.588,461064.576,5064821.835
3826664.694,461067.877,5064822.958
3826664.883,461071.808,5064822.461
3826667.067,461074.531,5064820.575
3826670.224,461074.773,5064818.184
3826672.876,461072.418,5064816.406
3826673.783,461068.570,5064816.073
3826676.535,461067.366,5064814.116
3826675.993,461063.823,5064814.843
3826673.418,461060.133,5064817.110
3826667.656,461059.440,5064821.497
3826665.205,461060.633,5064823.229
3826662.657,461063.675,5064824.867
3826661.898,461067.862,5064825.058
3826662.648,461073.505,5064823.985
3826664.505,461077.549,5064822.225
3826667.679,461079.205,5064819.694
3826670.767,461078.170,5064817.469
3826674.101,461075.464,5064815.212
3826676.187,461071.469,5064814.006
3826680.297,461065.024,5064811.504
3826679.511,461061.403,5064812.421
3826677.693,461059.385,5064813.968
3826671.913,461056.357,5064818.581
3826670.388,461054.157,5064819.924
3826664.843,461057.378,5064823.795
3826661.600,461060.647,5064825.934
3826658.081,461063.861,5064828.285
3826658.575,461067.114,5064827.620
3826658.809,461071.822,5064827.019
3826660.956,461078.123,5064824.837
3826662.213,461080.333,5064823.695
3826666.155,461082.107,5064820.576
3826668.886,461084.284,5064818.329
3826675.458,461080.494,5064813.738
3826677.706,461077.526,5064812.319
3826680.199,461072.861,5064810.869
3826688.284,461018.602,5064809.705
3826629.470,461048.098,5064851.186
3826683.402,461070.612,5064808.669
3826685.358,461068.620,5064807.380
3826680.985,461054.439,5064811.945
3826668.932,461049.503,5064821.437
3826664.984,461049.703,5064824.383
3826657.825,461058.363,5064828.974
3826654.833,461071.260,5064830.054
3826654.454,461079.202,5064829.621
3826664.114,461086.434,5064821.716
3826670.240,461088.889,5064816.896
3826677.457,461084.197,5064811.903
3826683.972,461084.729,5064806.965
3826688.753,461072.891,5064804.446
3826688.474,461060.089,5064805.812
3826686.502,461054.476,5064807.800
3826682.740,461047.748,5064811.232
3826668.865,461045.385,5064821.860
3826662.522,461046.745,5064826.498
3826652.792,461054.038,5064833.143
3826649.140,461067.689,5064834.650
3826648.923,461076.970,5064833.974
3826654.118,461086.359,5064829.226
3826664.170,461095.755,5064820.832
3826678.308,461092.998,5064810.469
3826689.356,461091.506,5064802.310
3826693.082,461077.154,5064800.811
3826693.887,461062.577,5064801.524
3826693.159,461054.703,5064802.783
3826682.725,461041.769,5064811.784
3826669.580,461035.171,5064822.246
3826659.880,461037.920,5064829.280
3826655.366,461045.677,5064831.967
3826645.351,461053.954,5064838.736
3826642.002,461072.655,5064839.559
3826643.390,461081.323,5064837.734
3826649.449,461094.908,5064831.958
3826655.562,461097.558,5064827.130
3826671.439,461102.104,5064814.802
3826675.933,461098.125,5064811.788
3826678.598,461103.249,5064809.325
3826701.901,461075.509,5064794.340
3826698.260,461050.611,5064799.324
3826689.419,461034.508,5064807.415
3826677.316,461029.828,5064816.923
3826642.990,461046.020,5064841.225
3826639.963,461068.190,5064841.493
3826637.651,461084.394,5064841.764
3826665.591,461107.834,5064818.673
3826597.126,461144.854,5064866.718
3826595.106,461144.611,5064868.256
3826595.788,461146.959,5064867.532
3826597.926,461147.216,5064865.904
3826599.145,461145.097,5064865.180
3826598.464,461142.749,5064865.904
3826596.326,461142.491,5064867.532
3826598.204,461150.401,5064865.408
3826600.856,461148.046,5064863.630
3826601.763,461144.198,5064863.297
3826600.500,461140.657,5064864.564
3826597.659,461139.080,5064866.840
3826594.568,461140.204,5064869.059
3826592.673,461143.505,5064870.182
3826592.863,461147.435,5064869.685
3826595.047,461150.159,5064867.799
3826594.380,461153.677,5064867.982
3826597.144,461154.697,5064865.815
3826601.123,461153.589,5064862.929
3826604.756,461147.678,5064860.736
3826605.265,461144.492,5064860.642
3826604.541,461140.361,5064861.559
3826602.039,461137.645,5064863.682
3826597.699,461135.896,5064867.098
3826593.867,461136.070,5064869.958
3826590.978,461138.748,5064871.885
3826590.010,461142.552,5064872.268
3826590.071,461147.378,5064871.785
3826591.712,461151.442,5064870.186
3826593.954,461158.802,5064867.838
3826596.907,461159.593,5064865.551
3826599.306,461158.546,5064863.844
3826604.575,461153.672,5064860.329
3826606.941,461153.025,5064858.612
3826607.731,461145.575,5064858.693
3826607.228,461140.592,5064859.521
3826606.914,461135.335,5064860.232
3826604.378,461134.393,5064862.220
3826600.971,461132.513,5064864.948
3826595.408,461131.977,5064869.172
3826593.181,461132.332,5064870.811
3826589.792,461135.786,5064873.043
3826586.781,461137.750,5064875.126
3826585.827,461146.564,5064875.045
3826586.664,461150.338,5064874.075
3826588.549,461155.144,5064872.226
3826630.322,461178.669,5064838.744
3826627.124,461100.098,5064848.247
3826588.364,461159.623,5064871.960
3826588.682,461162.637,5064871.449
3826600.950,461164.340,5064862.087
3826610.979,461153.561,5064855.533
3826612.998,461149.206,5064854.411
3826610.883,461137.550,5064857.052
3826603.537,461128.472,5064863.387
3826598.213,461124.464,5064867.745
3826587.893,461131.621,5064874.845
3826582.833,461137.125,5064878.145
3826582.155,461147.047,5064877.758
3826578.221,461153.841,5064880.096
3826583.851,461164.370,5064874.918
3826592.919,461169.868,5064867.615
3826597.906,461170.283,5064863.834
3826604.651,461169.268,5064858.863
3826613.884,461155.354,5064853.190
3826616.405,461147.886,5064851.973
3826616.647,461134.074,5064853.039
3826609.137,461123.943,5064859.593
3826602.792,461119.504,5064864.757
3826593.412,461120.859,5064871.675
3826581.371,461127.458,5064880.116
3826575.559,461143.976,5064882.986
3826570.557,461156.586,5064885.601
3826578.515,461167.112,5064878.676
3826588.226,461174.589,5064870.711
3826594.108,461177.369,5064866.044
3826608.822,461171.961,5064855.489
3826620.606,461160.755,5064847.657
3826623.997,461149.032,5064846.171
3826621.063,461140.642,5064849.132
3826620.775,461126.074,5064850.664
3826609.583,461113.984,5064860.158
3826602.786,461111.556,5064865.480
3826590.011,461111.942,5064875.034
3826584.822,461117.345,5064878.440
3826572.974,461132.432,5064885.970
3826573.287,461139.089,5064885.133
3826568.261,461139.645,5064888.855
3826574.837,461177.383,5064880.508
3826594.169,461184.732,5064865.333
3826610.219,461182.481,5064853.489
3826620.097,461171.530,5064847.065
3826627.591,461127.120,5064845.454
3826613.806,461113.805,5064857.004
3826603.785,461103.965,5064865.415
3826572.181,461123.520,5064887.371
3826533.757,461098.642,5064918.461
3826531.737,461098.398,5064919.999
3826532.418,461100.747,5064919.275
3826534.557,461101.004,5064917.647
3826535.776,461098.885,5064916.923
3826535.095,461096.537,5064917.647
3826532.957,461096.279,5064919.275
3826529.304,461097.292,5064921.925
3826529.493,461101.224,5064921.428
3826531.678,461103.947,5064919.542
3826534.834,461104.189,5064917.151
3826537.487,461101.834,5064915.373
3826538.394,461097.986,5064915.040
3826537.131,461094.445,5064916.307
3826534.290,461092.868,5064918.583
3826531.199,461093.992,5064920.801
3826529.114,461091.677,5064922.576
3826526.891,461094.201,5064924.016
3826525.488,461099.000,5064924.635
3826527.617,461105.602,5064922.440
3826529.557,461107.597,5064920.804
3826532.831,461108.686,5064918.248
3826536.090,461107.216,5064915.934
3826539.682,461103.319,5064913.591
3826541.656,461099.102,5064912.490
3826541.371,461094.769,5064913.095
3826539.251,461091.999,5064914.937
3826535.857,461089.879,5064917.677
3826532.129,461089.811,5064920.481
3826525.777,461088.896,5064925.332
3826523.611,461091.726,5064926.701
3826523.029,461094.792,5064926.861
3826523.541,461102.691,5064925.763
3826522.699,461105.541,5064926.138
3826527.455,461109.769,5064922.185
3826531.201,461111.483,5064919.219
3826535.034,461113.526,5064916.157
3826537.077,461111.214,5064914.833
3826540.249,461108.386,5064912.707
3826543.664,461102.622,5064910.665
3826544.635,461100.055,5064910.168
3826544.082,461094.829,5064911.055
3826544.362,461090.688,5064911.220
3826538.744,461085.662,5064915.890
3826535.659,461084.858,5064918.279
3826531.280,461084.717,5064921.579
3826523.850,461152.733,5064921.008
3826576.675,461108.114,5064885.390
3826528.262,461082.487,5064924.046
3826525.989,461081.464,5064925.844
3826518.094,461093.942,5064930.643
3826520.117,461109.659,5064927.704
3826522.046,461113.813,5064925.880
3826531.321,461116.809,5064918.647
3826541.659,461112.988,5064911.232
3826547.362,461109.055,5064907.307
3826548.022,461094.666,5064908.113
3826546.956,461086.707,5064909.632
3826540.417,461081.478,5064915.013
3826537.836,461074.152,5064917.613
3826527.424,461075.462,5064925.309
3826518.635,461082.763,5064931.246
3826515.619,461087.962,5064933.041
3826512.638,461095.706,5064934.578
3826517.279,461111.983,5064929.623
3826521.102,461118.091,5064926.202
3826530.589,461124.610,5064918.491
3826541.751,461121.089,5064910.431
3826548.314,461116.248,5064905.943
3826552.499,461105.504,5064903.773
3826554.488,461089.508,5064903.726
3826546.162,461075.746,5064911.218
3826540.115,461064.629,5064916.762
3826528.432,461068.455,5064925.186
3826517.914,461075.556,5064932.439
3826512.762,461080.648,5064935.847
3826508.481,461098.992,5064937.401
3826509.842,461116.796,5064934.771
3826516.152,461125.770,5064929.223
3826523.600,461126.403,5064923.575
3826533.903,461132.694,5064915.274
3826548.444,461126.084,5064904.956
3826553.852,461119.844,5064901.461
3826560.569,461105.871,5064897.682
3826559.644,461097.819,5064899.104
3826555.616,461078.186,5064903.902
3826550.809,461075.507,5064907.753
3826553.170,461069.828,5064906.494
3826523.290,461059.829,5064929.825
3826507.600,461077.378,5064940.016
3826500.390,461095.734,5064943.769
3826502.616,461111.363,5064940.686
3826529.448,461139.581,5064917.995
3826546.259,461130.727,5064906.177
3826558.593,461124.362,5064897.494
3826562.256,461081.368,5064898.630
3826667.465,461285.525,5064801.332
3826665.446,461285.282,5064802.870
3826666.127,461287.630,5064802.146
3826668.265,461287.888,5064800.518
3826669.484,461285.768,5064799.794
3826668.803,461283.420,5064800.518
3826666.665,461283.162,5064802.146
3826669.746,461290.404,5064799.179
3826671.814,461287.264,5064797.911
3826671.846,461283.310,5064798.244
3826669.829,461280.393,5064800.021
3826666.706,461279.878,5064802.413
3826663.937,461282.004,5064804.298
3826662.820,461285.778,5064804.796
3826663.876,461289.434,5064803.673
3826666.612,461291.260,5064801.454
3826666.740,461294.819,5064801.036
3826669.664,461294.834,5064798.840
3826673.303,461292.417,5064796.327
3826675.539,461285.575,5064795.267
3826675.330,461282.384,5064795.712
3826673.708,461278.724,5064797.261
3826670.664,461277.014,5064799.700
3826666.038,461276.851,5064803.187
3826662.337,461278.333,5064805.831
3826660.111,461281.860,5064807.184
3826660.008,461285.793,5064806.905
3826661.138,461290.339,5064805.646
3826663.641,461293.620,5064803.471
3826667.461,461299.814,5064800.044
3826670.518,461299.549,5064797.773
3826672.628,461297.732,5064796.353
3826676.692,461291.310,5064793.884
3826678.858,461289.883,5064792.387
3826677.977,461282.562,5064793.710
3826676.381,461278.019,5064795.318
3826674.910,461273.153,5064796.862
3826672.225,461273.132,5064798.879
3826668.482,461272.524,5064801.743
3826662.934,461273.930,5064805.781
3826660.839,461275.031,5064807.254
3826658.295,461279.466,5064808.763
3826655.791,461282.359,5064810.381
3826656.814,461291.028,5064808.830
3826658.468,461294.311,5064807.291
3826661.374,461298.210,5064804.757
3826626.738,461247.856,5064835.307
3826634.967,461338.355,5064820.950
3826662.186,461302.514,5064803.759
3826663.165,461305.257,5064802.776
3826675.517,461302.651,5064793.740
3826682.918,461289.002,5064789.418
3826683.924,461284.187,5064789.098
3826679.275,461273.884,5064793.519
3826670.092,461267.819,5064800.961
3826664.006,461265.856,5064805.706
3826655.518,461276.176,5064811.144
3826651.799,461283.124,5064813.308
3826653.336,461292.747,5064811.285
3826651.003,461300.529,5064812.333
3826658.833,461308.557,5064805.730
3826668.903,461310.643,5064797.982
3826673.864,461309.321,5064794.378
3826680.222,461306.043,5064789.902
3826686.151,461289.701,5064786.928
3826686.957,461281.767,5064787.041
3826684.132,461268.612,5064790.351
3826674.554,461261.608,5064798.172
3826667.376,461259.587,5064803.743
3826658.521,461264.094,5064809.982
3826648.229,461274.479,5064816.769
3826646.217,461292.108,5064816.686
3826644.129,461305.761,5064817.019
3826654.231,461312.987,5064808.783
3826665.368,461316.723,5064800.086
3826671.727,461317.333,5064795.258
3826684.892,461307.157,5064786.296
3826693.911,461292.502,5064780.851
3826694.622,461280.242,5064781.425
3826689.898,461273.311,5064785.598
3826686.388,461259.624,5064789.469
3826672.782,461252.030,5064800.368
3826665.609,461252.068,5064805.749
3826653.225,461256.825,5064814.615
3826649.356,461263.721,5064816.896
3826641.135,461282.072,5064821.408
3826642.916,461288.263,5064819.511
3826638.134,461290.517,5064822.897
3826652.918,461323.971,5064808.777
3826673.418,461324.280,5064793.361
3826688.588,461316.632,5064782.665
3826695.802,461302.874,5064778.494
3826693.274,461258.270,5064784.423
3826676.866,461250.408,5064797.449
3826664.902,461244.541,5064806.960
3826638.385,461273.910,5064824.210
3826346.661,460791.787,5065086.876
3826344.642,460791.544,5065088.414
3826345.323,460793.892,5065087.690
3826347.461,460794.150,5065086.062
3826348.680,460792.030,5065085.338
3826347.999,460789.682,5065086.062
3826345.861,460789.424,5065087.690
3826349.025,460786.655,5065085.565
3826345.902,460786.140,5065087.957
3826343.133,460788.266,5065089.842
3826342.016,460792.040,5065090.340
3826343.072,460795.696,5065089.217
3826345.808,460797.522,5065086.998
3826348.943,460796.665,5065084.723
3826351.010,460793.526,5065083.455
3826351.042,460789.572,5065083.788
3826353.463,460787.488,5065082.159
3826352.147,460784.321,5065083.433
3826348.816,460781.713,5065086.169
3826343.037,460783.040,5065090.387
3826340.910,460785.009,5065091.805
3826339.096,460788.764,5065092.828
3826339.284,460792.987,5065092.305
3826341.267,460798.071,5065090.357
3826343.976,460801.259,5065088.035
3826347.441,460801.735,5065085.392
3826350.226,460799.694,5065083.485
3826352.881,460795.988,5065081.828
3826354.032,460791.490,5065081.370
3826356.615,460783.978,5065080.110
3826355.045,460780.820,5065081.574
3826352.823,460779.535,5065083.358
3826346.509,460778.659,5065088.177
3826344.534,460777.099,5065089.800
3826339.834,460782.055,5065092.880
3826337.393,460786.262,5065094.332
3826334.671,460790.513,5065095.991
3826335.873,460793.422,5065094.826
3826337.146,460797.798,5065093.475
3826340.639,460803.022,5065090.381
3826342.355,460804.682,5065088.943
3826346.596,460805.004,5065085.730
3826349.745,460806.126,5065083.265
3826355.320,460800.281,5065079.609
3826356.856,460796.700,5065078.779
3826358.256,460791.428,5065078.205
3826338.881,460856.374,5065086.878
3826398.181,460797.994,5065047.643
3826360.885,460788.198,5065076.524
3826362.352,460785.641,5065075.654
3826354.940,460773.724,5065082.294
3826342.080,460773.196,5065091.995
3826338.271,460774.742,5065094.714
3826333.202,460785.398,5065097.556
3826333.139,460798.633,5065096.407
3826334.530,460806.279,5065094.672
3826345.564,460809.802,5065086.071
3826352.088,460810.019,5065081.155
3826358.093,460803.098,5065077.273
3826364.570,460801.362,5065072.568
3826366.614,460788.514,5065072.195
3826363.503,460776.497,5065075.616
3826360.334,460771.863,5065078.413
3826355.170,460766.788,5065082.748
3826341.102,460769.322,5065093.079
3826335.211,460772.790,5065097.187
3826327.330,460783.035,5065102.177
3826326.792,460797.210,5065101.300
3826328.636,460806.067,5065099.115
3826335.788,460813.167,5065093.105
3826347.684,460818.603,5065083.684
3826360.873,460811.135,5065074.459
3826371.329,460805.924,5065067.082
3826371.784,460791.062,5065068.084
3826369.340,460776.990,5065071.191
3826366.883,460769.789,5065073.685
3826353.830,460761.135,5065084.265
3826339.536,460759.410,5065095.150
3826330.676,460765.346,5065101.265
3826327.989,460774.238,5065102.478
3826320.047,460785.514,5065107.420
3826320.924,460804.362,5065105.058
3826324.200,460812.088,5065101.901
3826333.126,460822.862,5065094.227
3826339.681,460823.269,5065089.270
3826356.187,460822.113,5065076.985
3826359.692,460816.802,5065074.834
3826363.429,460820.736,5065071.673
3826380.029,460786.473,5065062.310
3826370.954,460764.164,5065071.138
3826358.754,460751.963,5065081.398
3826345.903,460751.694,5065091.068
3826315.984,460778.818,5065111.075
3826317.943,460800.838,5065107.614
3826319.278,460816.968,5065105.154
3826351.749,460829.546,5065079.644
3826462.450,461501.626,5064935.567
3826460.431,461501.383,5064937.105
3826461.112,461503.731,5064936.381
3826463.250,461503.989,5064934.753
3826464.469,461501.869,5064934.029
3826463.788,461499.521,5064934.753
3826461.650,461499.263,5064936.381
3826457.805,461501.879,5064939.031
3826458.861,461505.535,5064937.908
3826461.597,461507.362,5064935.689
3826464.731,461506.505,5064933.414
3826466.799,461503.365,5064932.146
3826466.831,461499.411,5064932.479
3826464.814,461496.494,5064934.256
3826461.691,461495.979,5064936.648
3826458.922,461498.105,5064938.533
3826456.374,461496.631,5064940.579
3826454.764,461499.783,5064941.503
3826454.457,461504.808,5064941.279
3826458.000,461510.324,5064938.121
3826460.336,461511.543,5064936.257
3826463.773,461511.450,5064933.686
3826466.629,461508.937,5064931.770
3826469.271,461504.016,5064930.231
3826470.263,461499.346,5064929.908
3826469.025,461495.343,5064931.200
3826466.341,461493.451,5064933.385
3826462.557,461492.612,5064936.301
3826458.903,461493.828,5064938.934
3826452.500,461495.146,5064943.621
3826451.013,461498.568,5064944.428
3826451.125,461501.671,5064944.064
3826453.375,461508.970,5064941.715
3826453.185,461511.956,5064941.588
3826458.765,461514.322,5064937.185
3826462.801,461514.658,5064934.125
3826466.996,461515.273,5064930.921
3826468.478,461512.382,5064930.070
3826470.948,461508.616,5064928.556
3826473.003,461501.986,5064927.613
3826473.382,461499.224,5064927.579
3826471.685,461494.468,5064929.282
3826471.039,461490.453,5064930.130
3826464.442,461487.629,5064935.337
3826461.251,461487.928,5064937.705
3826456.946,461489.299,5064940.813
3826413.941,461528.547,5064969.546
3826481.474,461560.666,5064915.951
3826453.505,461488.227,5064943.492
3826451.059,461488.040,5064945.345
3826446.119,461502.562,5064947.741
3826451.578,461516.741,5064942.362
3826454.381,461520.009,5064939.962
3826464.099,461519.656,5064932.699
3826473.345,461512.486,5064926.408
3826478.040,461506.803,5064923.397
3826475.494,461492.959,5064926.559
3826472.689,461485.794,5064929.313
3826465.147,461483.095,5064935.217
3826461.003,461477.047,5064938.875
3826451.130,461481.866,5064945.850
3826444.170,461491.798,5064950.177
3826442.377,461497.754,5064950.984
3826441.184,461506.107,5064951.125
3826449.322,461519.915,5064943.768
3826454.408,461524.381,5064939.547
3826465.114,461527.290,5064931.247
3826475.231,461520.121,5064924.302
3826480.563,461513.283,5064920.917
3826482.267,461501.677,5064920.688
3826480.663,461485.856,5064923.322
3826469.487,461475.692,5064932.629
3826461.119,461467.250,5064939.673
3826450.558,461474.891,5064946.910
3826441.865,461485.226,5064952.501
3826437.969,461491.817,5064954.829
3826437.854,461510.649,5064953.213
3826443.128,461527.027,5064947.774
3826451.277,461533.347,5064941.086
3826458.688,461531.390,5064935.701
3826470.144,461533.797,5064926.884
3826482.868,461522.549,5064918.350
3826486.769,461514.779,5064916.124
3826490.222,461499.251,5064914.936
3826487.542,461491.948,5064917.607
3826479.257,461474.754,5064925.380
3826473.964,461473.874,5064929.433
3826475.015,461467.685,5064929.203
3826443.631,461468.497,5064952.687
3826432.199,461490.497,5064959.280
3826429.238,461510.346,5064959.709
3826434.868,461524.370,5064954.215
3826467.319,461541.847,5064928.277
3826481.766,461527.694,5064918.712
3826492.395,461517.431,5064911.661
3826486.441,461475.478,5064919.922
3826406.939,460538.280,5065064.610
3826404.920,460538.037,5065066.148
3826405.601,460540.385,5065065.424
3826407.739,460540.643,5065063.796
3826408.958,460538.523,5065063.072
3826408.277,460536.175,5065063.796
3826406.139,460535.917,5065065.424
3826411.063,460535.343,5065061.780
3826408.723,460532.826,5065063.764
3826405.549,460532.862,5065066.143
3826403.025,460535.432,5065067.806
3826402.333,460539.336,5065067.972
3826403.796,460542.744,5065066.566
3826406.729,460544.064,5065064.245
3826409.761,460542.678,5065062.094
3826411.473,460539.234,5065061.121
3826414.344,460539.005,5065058.986
3826414.617,460535.360,5065059.111
3826412.997,460530.873,5065060.732
3826407.697,460528.215,5065064.950
3826405.115,460528.538,5065066.860
3826402.028,460530.631,5065068.988
3826400.383,460534.457,5065069.877
3826399.841,460540.224,5065069.762
3826400.702,460544.810,5065068.702
3826403.339,460547.517,5065066.477
3826406.491,460547.568,5065064.107
3826410.245,460546.073,5065061.424
3826413.105,460542.891,5065059.565
3826418.423,460538.011,5065056.014
3826418.482,460534.206,5065056.314
3826417.210,460531.612,5065057.503
3826412.410,460526.669,5065061.553
3826411.455,460523.998,5065062.511
3826405.493,460525.235,5065066.875
3826401.699,460527.310,5065069.534
3826397.658,460529.239,5065072.394
3826397.403,460532.584,5065072.283
3826396.581,460537.262,5065072.477
3826397.216,460544.150,5065071.377
3826397.915,460546.739,5065070.619
3826401.253,460549.825,5065067.834
3826403.355,460552.889,5065065.979
3826410.414,460551.449,5065060.811
3826413.199,460549.325,5065058.912
3826416.593,460545.629,5065056.700
3826455.107,460510.336,5065030.980
3826387.073,460479.721,5065084.814
3826420.123,460544.534,5065054.149
3826422.415,460543.261,5065052.543
3826421.420,460527.915,5065054.677
3826411.109,460518.953,5065063.227
3826407.329,460517.791,5065066.169
3826398.634,460523.784,5065072.154
3826392.942,460535.346,5065075.382
3826390.824,460542.968,5065076.283
3826398.362,460553.349,5065069.686
3826403.616,460557.851,5065065.336
3826411.485,460555.751,5065059.618
3826417.532,460558.510,5065054.830
3826424.682,460548.597,5065050.360
3826427.255,460536.006,5065049.566
3826426.634,460529.848,5065050.589
3826424.565,460521.986,5065052.852
3826411.958,460514.911,5065062.955
3826405.653,460514.058,5065067.765
3826394.829,460517.832,5065075.548
3826388.347,460529.903,5065079.322
3826386.085,460538.888,5065080.209
3826388.919,460549.838,5065077.091
3826396.349,460562.467,5065070.373
3826410.339,460564.636,5065059.676
3826421.126,460566.977,5065051.367
3826427.833,460554.247,5065047.484
3826431.827,460540.295,5065045.747
3826432.883,460532.358,5065045.671
3826425.875,460516.145,5065052.397
3826414.899,460505.186,5065061.626
3826405.109,460504.534,5065069.034
3826399.118,460510.555,5065072.986
3826387.805,460515.192,5065081.059
3826380.492,460532.295,5065085.002
3826379.884,460541.235,5065084.651
3826382.605,460556.580,5065081.221
3826387.804,460561.268,5065076.896
3826401.821,460571.163,5065065.480
3826406.956,460568.824,5065061.837
3826408.341,460574.742,5065060.262
3826436.544,460555.673,5065040.816
3826438.617,460530.117,5065041.570
3826433.820,460511.357,5065046.866
3826423.404,460502.630,5065055.473
3826387.330,460506.636,5065082.189
3826379.552,460527.237,5065086.166
3826373.772,460542.261,5065089.146
3826395.016,460574.747,5065070.263
3827161.630,461409.084,5064420.786
3827159.611,461408.841,5064422.324
3827160.292,461411.189,5064421.600
3827162.430,461411.447,5064419.972
3827163.649,461409.327,5064419.248
3827162.968,461406.979,5064419.972
3827160.830,461406.721,5064421.600
3827157.406,461406.965,5064424.148
3827157.151,461410.920,5064423.982
3827158.993,461414.017,5064422.320
3827162.068,461414.805,5064419.940
3827164.938,461412.916,5064417.956
3827166.261,461409.234,5064417.297
3827165.416,461405.482,5064418.270
3827162.800,461403.415,5064420.420
3827159.637,461404.001,5064422.742
3827157.846,461401.330,5064424.327
3827155.380,461403.461,5064425.986
3827153.464,461408.006,5064427.013
3827154.817,461414.964,5064425.368
3827156.501,461417.290,5064423.894
3827159.596,461418.946,5064421.421
3827162.964,461418.044,5064418.975
3827166.930,461414.780,5064416.293
3827169.342,461410.915,5064414.832
3827169.547,461406.542,5064415.074
3827167.773,461403.410,5064416.688
3827164.674,461400.705,5064419.258
3827161.019,461399.990,5064422.067
3827154.879,461397.975,5064426.857
3827152.434,461400.422,5064428.472
3827151.519,461403.381,5064428.891
3827151.137,461411.351,5064428.457
3827149.991,461414.048,5064429.074
3827154.192,461419.092,5064425.464
3827157.681,461421.453,5064422.632
3827161.219,461424.157,5064419.732
3827163.485,461422.205,5064418.208
3827166.919,461419.934,5064415.835
3827170.921,461414.774,5064413.298
3827172.162,461412.383,5064412.582
3827172.205,461407.072,5064413.030
3827172.942,461402.988,5064412.846
3827167.984,461396.999,5064417.109
3827165.042,461395.661,5064419.438
3827160.755,461394.759,5064422.738
3827210.139,461382.163,5064386.807
3827142.606,461350.044,5064440.402
3827158.038,461392.011,5064425.025
3827155.919,461390.596,5064426.744
3827146.763,461401.676,5064432.615
3827146.993,461417.710,5064430.993
3827148.423,461422.189,5064429.515
3827157.203,461426.789,5064422.509
3827167.791,461424.771,5064414.744
3827173.835,461421.836,5064410.472
3827176.094,461407.592,5064410.064
3827175.937,461399.466,5064410.916
3827170.096,461393.115,5064415.875
3827168.379,461385.356,5064417.864
3827158.001,461384.856,5064425.700
3827148.547,461390.615,5064432.275
3827145.001,461395.280,5064434.516
3827141.205,461402.488,5064436.714
3827143.944,461419.535,5064433.117
3827147.017,461426.294,5064430.199
3827155.610,461434.446,5064423.012
3827166.974,461432.869,5064414.625
3827173.966,461429.178,5064409.710
3827179.281,461419.184,5064406.624
3827183.026,461403.569,5064405.225
3827176.383,461388.390,5064411.582
3827171.683,461376.251,5064416.208
3827159.778,461378.040,5064424.982
3827148.643,461383.295,5064432.865
3827143.013,461387.482,5064436.713
3827136.751,461405.049,5064439.825
3827136.093,461423.050,5064438.692
3827141.295,461433.094,5064433.880
3827148.542,461435.025,5064428.265
3827157.960,461443.089,5064420.468
3827172.992,461439.018,5064409.552
3827179.005,461433.729,5064405.517
3827187.172,461420.955,5064400.541
3827187.163,461412.755,5064401.288
3827185.405,461392.469,5064404.442
3827180.974,461388.963,5064408.084
3827183.930,461383.699,5064406.341
3827155.691,461368.542,5064428.908
3827138.307,461383.329,5064440.620
3827129.166,461400.388,5064445.940
3827129.602,461416.375,5064444.168
3827152.814,461449.187,5064423.779
3827170.327,461443.270,5064411.168
3827183.160,461439.055,5064401.917
3827191.568,461396.797,5064399.424
3826391.312,461869.528,5064955.653
3826389.293,461869.285,5064957.191
3826389.974,461871.633,5064956.467
3826392.112,461871.891,5064954.839
3826393.331,461869.771,5064954.115
3826392.650,461867.423,5064954.839
3826390.512,461867.165,5064956.467
3826391.750,461875.249,5064954.807
3826394.620,461873.360,5064952.823
3826395.943,461869.678,5064952.164
3826395.098,461865.926,5064953.137
3826392.482,461863.859,5064955.287
3826389.319,461864.445,5064957.609
3826387.088,461867.409,5064959.015
3826386.833,461871.364,5064958.849
3826388.675,461874.461,5064957.187
3826387.625,461877.855,5064957.668
3826390.228,461879.353,5064955.579
3826394.262,461878.937,5064952.588
3826398.494,461873.670,5064949.888
3826399.352,461870.579,5064949.523
3826399.102,461866.332,5064950.095
3826396.947,461863.188,5064951.996
3826392.877,461860.690,5064955.277
3826389.093,461860.198,5064958.162
3826385.954,461862.369,5064960.322
3826384.576,461865.997,5064961.028
3826384.097,461870.822,5064960.952
3826385.255,461875.162,5064959.690
3826386.634,461882.894,5064957.956
3826389.446,461884.197,5064955.728
3826391.922,461883.568,5064953.926
3826397.646,461879.620,5064949.987
3826400.043,461879.384,5064948.208
3826401.653,461872.088,5064947.659
3826401.716,461867.029,5064948.069
3826401.996,461861.729,5064948.339
3826399.609,461860.349,5064950.255
3826396.471,461857.882,5064952.833
3826391.065,461856.381,5064957.026
3826388.837,461856.349,5064958.702
3826385.118,461859.208,5064961.235
3826381.941,461860.644,5064963.490
3826380.016,461869.274,5064964.155
3826380.417,461873.184,5064963.500
3826381.732,461878.307,5064962.050
3826399.092,461804.941,5064955.651
3826339.792,461863.321,5064994.886
3826381.048,461882.744,5064962.162
3826381.023,461885.807,5064961.904
3826392.889,461889.635,5064952.652
3826403.952,461880.620,5064945.163
3826406.423,461876.625,5064943.669
3826405.648,461864.628,5064945.335
3826399.446,461854.296,5064950.924
3826394.662,461849.372,5064954.960
3826383.719,461854.721,5064962.690
3826378.131,461859.335,5064966.468
3826376.354,461869.117,5064966.918
3826371.728,461875.214,5064969.839
3826376.082,461886.698,5064965.533
3826384.378,461893.757,5064958.668
3826389.233,461895.036,5064954.908
3826395.974,461895.195,5064949.834
3826406.605,461882.913,5064942.964
3826409.919,461875.899,5064941.111
3826411.703,461862.159,5064941.013
3826405.456,461850.748,5064946.734
3826399.717,461845.217,5064951.542
3826390.348,461844.941,5064958.599
3826377.776,461849.437,5064967.630
3826370.215,461864.909,5064971.906
3826363.888,461876.623,5064975.597
3826370.531,461888.507,5064969.536
3826379.238,461897.653,5064962.174
3826384.707,461901.448,5064957.726
3826399.773,461898.605,5064946.674
3826412.607,461889.468,5064937.866
3826417.251,461878.360,5064935.384
3826415.307,461869.480,5064937.646
3826416.655,461854.894,5064937.953
3826407.008,461840.888,5064946.460
3826400.601,461837.286,5064951.594
3826388.004,461835.455,5064961.216
3826382.299,461839.943,5064965.092
3826368.967,461852.941,5064973.925
3826368.530,461859.638,5064973.647
3826363.529,461859.320,5064977.430
3826365.767,461898.118,5064972.244
3826383.943,461908.806,5064957.634
3826399.969,461909.345,5064945.556
3826410.900,461900.133,5064938.183
3826423.236,461857.121,5064932.811
3826411.179,461841.443,5064943.279
3826402.433,461829.885,5064950.889
3826369.186,461843.911,5064974.577
3825600.841,461260.269,5065604.065
3825598.822,461260.026,5065605.603
3825599.503,461262.374,5065604.879
3825601.641,461262.632,5065603.251
3825602.860,461260.512,5065602.527
3825602.179,461258.164,5065603.251
3825600.041,461257.906,5065604.879
3825599.988,461266.005,5065604.187
3825603.123,461265.147,5065601.912
3825605.190,461262.008,5065600.644
3825605.222,461258.054,5065600.977
3825603.205,461255.137,5065602.754
3825600.082,461254.622,5065605.146
3825597.313,461256.748,5065607.031
3825596.196,461260.522,5065607.529
3825597.252,461264.178,5065606.406
3825595.506,461267.130,5065607.449
3825597.638,461269.487,5065605.636
3825601.547,461270.468,5065602.613
3825606.720,461266.781,5065599.064
3825608.216,461264.058,5065598.187
3825608.922,461259.826,5065598.040
3825607.579,461256.016,5065599.392
3825604.281,461252.179,5065602.214
3825600.809,461250.398,5065604.981
3825597.357,461251.438,5065607.478
3825595.250,461254.506,5065608.783
3825593.726,461259.052,5065609.516
3825593.860,461263.687,5065608.996
3825593.452,461271.709,5065608.578
3825595.824,461273.947,5065606.595
3825598.306,461274.184,5065604.710
3825604.598,461272.298,5065600.158
3825606.919,461272.892,5065598.361
3825610.060,461266.323,5065596.598
3825611.241,461261.405,5065596.156
3825612.680,461256.329,5065595.534
3825610.728,461254.161,5065597.196
3825608.305,461250.674,5065599.329
3825603.521,461247.351,5065603.221
3825601.420,461246.554,5065604.870
3825597.268,461248.066,5065607.850
3825593.942,461248.375,5065610.319
3825590.208,461256.138,5065612.420
3825589.720,461260.092,5065612.429
3825589.829,461265.546,5065611.854
3825593.061,461324.856,5065604.067
3825652.361,461266.476,5065564.832
3825588.199,461269.642,5065612.707
3825587.496,461272.623,5065612.965
3825597.876,461280.439,5065604.467
3825610.344,461275.442,5065595.560
3825613.568,461272.391,5065593.416
3825615.495,461260.414,5065593.053
3825611.915,461248.195,5065596.844
3825608.480,461241.746,5065600.006
3825596.937,461243.206,5065608.537
3825590.626,461245.788,5065613.041
3825586.776,461254.726,5065615.124
3825581.047,461259.088,5065619.029
3825582.623,461271.794,5065616.698
3825588.908,461281.538,5065611.099
3825593.219,461284.456,5065607.600
3825599.564,461286.927,5065602.614
3825612.346,461278.593,5065593.773
3825617.037,461272.885,5065590.767
3825621.771,461260.085,5065588.371
3825618.389,461246.798,5065592.111
3825614.184,461239.426,5065595.934
3825605.379,461235.937,5065602.858
3825592.484,461236.003,5065612.531
3825581.901,461248.508,5065619.345
3825573.316,461257.767,5065624.952
3825576.968,461271.653,5065620.955
3825583.180,461283.573,5065615.215
3825587.515,461289.158,5065611.457
3825602.402,461291.562,5065600.065
3825616.573,461287.055,5065589.835
3825623.431,461277.808,5065585.523
3825623.560,461268.470,5065586.271
3825628.068,461254.696,5065584.132
3825622.044,461237.707,5065590.189
3825616.779,461231.987,5065594.658
3825605.263,461225.870,5065603.855
3825598.870,461228.292,5065608.434
3825583.372,461236.396,5065619.335
3825581.474,461242.783,5065620.182
3825576.811,461240.754,5065623.866
3825570.329,461279.397,5065625.239
3825585.160,461296.077,5065612.599
3825600.207,461302.114,5065600.759
3825612.594,461296.879,5065591.934
3825633.802,461259.131,5065579.427
3825625.868,461239.682,5065587.140
3825620.153,461225.393,5065592.722
3825585.580,461227.656,5065618.468
3826014.662,460387.065,5065372.068
3826012.643,460386.822,5065373.606
3826013.324,460389.170,5065372.882
3826015.462,460389.428,5065371.254
3826016.681,460387.308,5065370.530
3826016.000,460384.960,5065371.254
3826013.862,460384.702,5065372.882
3826017.559,460382.355,5065370.319
3826014.548,460381.298,5065372.675
3826011.589,460382.940,5065374.747
3826010.069,460386.512,5065375.566
3826010.697,460390.342,5065374.748
3826013.181,460392.640,5065372.675
3826016.358,460392.329,5065370.319
3826018.741,460389.555,5065368.781
3826019.215,460385.615,5065368.781
3826021.827,460383.956,5065366.971
3826020.890,460380.567,5065367.981
3826017.907,460377.388,5065370.507
3826012.080,460377.708,5065374.852
3826009.769,460379.305,5065376.442
3826007.565,460382.736,5065377.786
3826007.278,460386.982,5065377.618
3826008.657,460392.399,5065376.093
3826010.963,460396.050,5065374.033
3826014.315,460397.126,5065371.419
3826017.281,460395.573,5065369.333
3826020.304,460392.336,5065367.357
3826021.939,460388.047,5065366.517
3826025.318,460381.000,5065364.617
3826024.129,460377.577,5065365.820
3826022.090,460375.909,5065367.501
3826015.982,460373.939,5065372.264
3826014.216,460372.041,5065373.761
3826009.042,460376.169,5065377.271
3826006.173,460379.943,5065379.084
3826003.021,460383.712,5065381.109
3826003.877,460386.824,5065380.185
3826004.638,460391.411,5065379.199
3826007.486,460397.230,5065376.535
3826008.987,460399.184,5065375.232
3826013.119,460400.242,5065372.035
3826016.088,460401.908,5065369.656
3826022.221,460397.043,5065365.492
3826024.132,460393.737,5065364.357
3826026.097,460388.720,5065363.335
3826022.442,460322.478,5065372.066
3825963.142,460380.858,5065411.301
3826029.042,460385.953,5065361.375
3826030.770,460383.656,5065360.285
3826024.820,460370.479,5065365.943
3826012.241,460367.718,5065375.634
3826008.325,460368.601,5065378.494
3826002.151,460378.354,5065382.247
3826000.607,460391.549,5065382.213
3826001.118,460399.420,5065381.118
3826011.567,460404.850,5065372.784
3826017.954,460406.199,5065367.868
3826024.630,460400.335,5065363.386
3826031.190,460399.727,5065358.517
3826034.636,460387.263,5065357.057
3826032.925,460374.732,5065359.474
3826030.330,460369.557,5065361.890
3826025.822,460363.598,5065365.812
3826011.714,460363.684,5065376.394
3826005.536,460366.122,5065380.811
3825996.644,460374.977,5065386.685
3825994.528,460389.027,5065387.003
3825995.351,460398.186,5065385.558
3826001.584,460406.510,5065380.127
3826012.666,460414.000,5065371.132
3826026.464,460408.837,5065361.242
3826037.322,460405.453,5065353.397
3826039.432,460390.701,5065353.146
3826038.605,460376.236,5065355.075
3826036.997,460368.625,5065356.970
3826025.138,460357.725,5065366.856
3826011.284,460353.523,5065377.635
3826001.912,460357.908,5065384.273
3825998.277,460366.314,5065386.243
3825989.210,460376.186,5065392.156
3825987.961,460395.145,5065391.380
3825990.317,460403.423,5065388.863
3825997.882,460415.723,5065382.073
3826004.279,460417.266,5065377.132
3826020.629,460418.978,5065364.704
3826024.669,460414.287,5065362.096
3826027.900,460418.860,5065359.257
3826048.048,460387.555,5065346.964
3826041.628,460363.719,5065353.937
3826031.004,460349.427,5065363.203
3826018.405,460346.930,5065372.886
3825985.966,460368.800,5065395.258
3825985.427,460391.112,5065393.646
3825984.934,460407.438,5065392.541
3826015.436,460425.623,5065368.002
3826440.392,460273.509,5065063.334
3826438.373,460273.266,5065064.872
3826439.054,460275.614,5065064.148
3826441.192,460275.872,5065062.520
3826442.411,460273.752,5065061.796
3826441.730,460271.404,5065062.520
3826439.592,460271.146,5065064.148
3826444.773,460271.294,5065060.246
3826442.756,460268.377,5065062.023
3826439.633,460267.862,5065064.415
3826436.864,460269.988,5065066.300
3826435.747,460273.762,5065066.798
3826436.803,460277.418,5065065.675
3826439.539,460279.244,5065063.456
3826442.674,460278.387,5065061.181
3826444.741,460275.248,5065059.913
3826447.588,460275.518,5065057.751
3826448.263,460271.928,5065057.568
3826447.175,460267.169,5065058.816
3826442.264,460263.599,5065062.825
3826439.690,460263.471,5065064.768
3826436.422,460265.024,5065067.081
3826434.377,460268.557,5065068.297
3826433.199,460274.217,5065068.669
3826433.532,460278.942,5065067.992
3826435.820,460282.101,5065065.989
3826438.912,460282.699,5065063.614
3826442.768,460281.859,5065060.796
3826445.936,460279.180,5065058.660
3826451.708,460275.234,5065054.684
3826452.191,460271.448,5065054.663
3826451.232,460268.638,5065055.638
3826447.068,460262.873,5065059.285
3826446.429,460260.041,5065060.020
3826440.431,460260.242,5065064.504
3826436.471,460261.655,5065067.349
3826432.283,460262.877,5065070.382
3826431.658,460266.172,5065070.553
3826430.327,460270.695,5065071.143
3826430.180,460277.678,5065070.622
3826430.577,460280.384,5065070.080
3826433.512,460284.042,5065067.546
3826435.235,460287.464,5065065.943
3826442.333,460287.253,5065060.634
3826445.308,460285.616,5065058.550
3826449.057,460282.516,5065056.016
3826391.885,460300.427,5065097.311
3826459.414,460332.546,5065043.720
3826452.648,460282.037,5065053.364
3826455.043,460281.166,5065051.645
3826455.784,460265.680,5065052.489
3826446.653,460254.948,5065060.312
3826443.067,460253.134,5065063.167
3826433.852,460257.604,5065069.680
3826426.965,460268.151,5065073.897
3826424.030,460275.389,5065075.446
3826430.276,460287.056,5065069.702
3826434.936,460292.460,5065065.717
3826442.904,460291.730,5065059.801
3826448.539,460295.534,5065055.228
3826456.674,460286.883,5065049.904
3826460.612,460274.766,5065048.043
3826460.690,460268.514,5065048.549
3826459.537,460260.310,5065050.156
3826447.940,460251.062,5065059.697
3826441.840,460249.117,5065064.452
3826430.780,460251.004,5065072.583
3826423.059,460261.923,5065077.391
3826419.830,460270.497,5065079.041
3826421.389,460281.914,5065076.838
3826427.278,460295.804,5065071.162
3826440.783,460300.397,5065060.610
3826451.123,460304.605,5065052.469
3826459.139,460293.067,5065047.495
3826464.625,460279.839,5065044.572
3826466.551,460272.103,5065043.826
3826461.479,460254.709,5065049.205
3826451.919,460241.869,5065057.542
3826442.371,460239.520,5065064.921
3826435.809,460244.487,5065069.397
3826424.173,460247.151,5065077.890
3826415.071,460262.947,5065083.295
3826413.473,460271.761,5065083.698
3826414.431,460287.545,5065081.552
3826419.014,460293.126,5065077.608
3826431.682,460305.431,5065066.987
3826436.990,460303.989,5065063.133
3826437.689,460310.134,5065062.052
3826467.539,460296.003,5065040.924
3826472.437,460270.862,5065039.520
3826469.822,460251.311,5065043.249
3826460.563,460240.795,5065051.150
3826424.663,460238.531,5065078.302
3826414.714,460257.737,5065084.034
3826407.351,460271.725,5065088.296
3826424.594,460307.826,5065072.091
3826891.969,460387.586,5064715.032
3826889.950,460387.343,5064716.570
3826890.631,460389.691,5064715.846
3826892.769,460389.949,5064714.218
3826893.988,460387.829,5064713.494
3826893.307,460385.481,5064714.218
3826891.169,460385.223,5064715.846
3826895.755,460383.984,5064712.516
3826893.139,460381.917,5064714.666
3826889.976,460382.503,5064716.988
3826887.745,460385.467,5064718.394
3826887.490,460389.422,5064718.228
3826889.332,460392.519,5064716.566
3826892.407,460393.307,5064714.186
3826895.277,460391.418,5064712.202
3826896.600,460387.736,5064711.543
3826899.439,460387.013,5064709.477
3826899.303,460383.384,5064709.907
3826897.185,460379.255,5064711.870
3826891.599,460377.564,5064716.216
3826889.058,460378.328,5064718.054
3826886.213,460380.921,5064719.955
3826885.000,460384.967,5064720.500
3826885.104,460390.728,5064719.901
3826886.477,460395.086,5064718.476
3826889.410,460397.289,5064716.076
3826892.562,460396.792,5064713.755
3826896.140,460394.671,5064711.261
3826898.638,460391.047,5064709.714
3826903.398,460385.329,5064706.658
3826903.031,460381.579,5064707.272
3826901.470,460379.250,5064708.654
3826896.128,460375.226,5064713.028
3826894.877,460372.766,5064714.189
3826889.066,460375.018,5064718.347
3826885.513,460377.716,5064720.770
3826881.696,460380.312,5064723.401
3826881.817,460383.644,5064723.009
3826881.520,460388.383,5064722.803
3826882.925,460395.042,5064721.147
3826883.913,460397.466,5064720.186
3826887.588,460399.918,5064717.206
3826890.028,460402.565,5064715.135
3826896.911,460399.925,5064710.207
3826899.452,460397.353,5064708.532
3826902.424,460393.131,5064706.683
3826884.189,460452.173,5064715.034
3826943.489,460393.793,5064675.799
3826905.824,460391.443,5064704.283
3826907.969,460389.796,5064702.823
3826905.258,460374.886,5064706.205
3826893.967,460367.868,5064715.315
3826890.065,460367.384,5064718.287
3826882.060,460374.782,5064723.627
3826877.675,460387.132,5064725.802
3826876.413,460394.990,5064726.039
3826885.097,460403.884,5064718.717
3826890.843,460407.396,5064714.086
3826898.461,460403.966,5064708.678
3826904.803,460405.628,5064703.768
3826910.828,460394.646,5064700.238
3826911.986,460381.824,5064700.528
3826910.677,460375.882,5064702.047
3826907.732,460368.515,5064704.924
3826894.362,460363.749,5064715.391
3826887.975,460364.005,5064720.161
3826877.597,460369.593,5064727.446
3826872.481,460382.581,5064730.112
3826871.229,460391.803,5064730.219
3826875.282,460402.073,5064726.248
3826884.110,460413.193,5064718.617
3826898.312,460412.896,5064707.983
3826909.337,460413.325,5064699.669
3826914.604,460399.650,5064696.951
3826917.028,460385.246,5064696.434
3826917.193,460377.263,5064697.031
3826908.386,460362.547,5064704.972
3826896.207,460353.682,5064714.915
3826886.366,460354.740,5064722.206
3826881.063,460361.697,5064725.559
3826870.294,460368.217,5064733.053
3826864.910,460386.296,5064735.460
3826865.304,460395.186,5064734.360
3826869.737,460409.793,5064729.712
3826875.448,460413.499,5064725.090
3826890.542,460420.790,5064713.102
3826895.404,460417.599,5064709.741
3826897.449,460423.175,5064707.702
3826923.456,460399.541,5064690.317
3826922.663,460374.066,5064693.214
3826915.777,460356.462,5064699.974
3826904.408,460349.693,5064709.120
3826868.862,460359.892,5064734.880
3826863.406,460381.487,5064737.023
3826859.320,460397.255,5064738.665
3826884.154,460425.492,5064717.472
3825843.362,461704.125,5065381.213
3825841.343,461703.882,5065382.751
3825842.024,461706.230,5065382.027
3825844.162,461706.488,5065380.399
3825845.381,461704.368,5065379.675
3825844.700,461702.020,5065380.399
3825842.562,461701.762,5065382.027
3825838.769,461703.572,5065384.711
3825839.397,461707.402,5065383.893
3825841.881,461709.700,5065381.820
3825845.058,461709.389,5065379.464
3825847.441,461706.615,5065377.926
3825847.915,461702.675,5065377.926
3825846.259,461699.415,5065379.464
3825843.248,461698.358,5065381.820
3825840.289,461700.000,5065383.892
3825837.949,461698.087,5065385.822
3825836.015,461700.952,5065387.015
3825835.152,461705.913,5065387.214
3825838.015,461712.031,5065384.512
3825840.175,461713.654,5065382.744
3825843.563,461714.157,5065380.156
3825846.650,461712.145,5065378.020
3825849.798,461707.693,5065376.060
3825851.296,461703.206,5065375.341
3825850.526,461698.997,5065376.299
3825848.101,461696.643,5065378.332
3825844.477,461695.149,5065381.187
3825840.749,461695.728,5065383.933
3825834.310,461695.932,5065388.748
3825832.465,461699.089,5065389.848
3825832.227,461702.203,5065389.745
3825833.622,461709.877,5065388.004
3825833.100,461712.824,5065388.129
3825838.320,461716.153,5065383.910
3825842.249,461717.189,5065380.868
3825846.302,461718.531,5065377.704
3825848.081,461715.904,5065376.606
3825850.931,461712.574,5065374.768
3825853.693,461706.317,5065373.260
3825854.374,461703.627,5065372.992
3825853.238,461698.586,5065374.300
3825853.053,461694.468,5065374.812
3825846.886,461690.504,5065379.799
3825843.717,461690.249,5065382.200
3825839.332,461690.870,5065385.436
3825891.871,461677.204,5065347.234
3825824.338,461645.085,5065400.829
3825836.072,461689.203,5065388.034
3825833.688,461688.592,5065389.878
3825827.208,461702.225,5065393.510
3825830.986,461717.319,5065389.310
3825833.375,461721.067,5065387.178
3825842.965,461722.402,5065379.859
3825852.853,461716.853,5065372.939
3825858.103,461711.997,5065369.436
3825857.151,461697.742,5065371.440
3825855.196,461690.105,5065373.597
3825848.087,461686.102,5065379.295
3825844.691,461679.349,5065382.455
3825834.449,461682.444,5065389.863
3825826.497,461691.145,5065395.045
3825824.069,461696.777,5065396.359
3825821.961,461704.905,5065397.206
3825828.414,461720.096,5065390.989
3825832.912,461725.434,5065387.131
3825843.108,461730.196,5065379.048
3825853.852,461724.797,5065371.471
3825859.857,461718.900,5065367.496
3825862.831,461707.616,5065366.284
3825863.025,461691.551,5065367.590
3825853.177,461679.472,5065376.074
3825845.898,461669.600,5065382.430
3825834.669,461675.379,5065390.337
3825824.970,461684.192,5065396.820
3825820.395,461690.087,5065399.721
3825818.182,461708.857,5065399.686
3825821.534,461726.122,5065395.609
3825828.832,461733.840,5065389.434
3825836.336,461733.173,5065383.861
3825847.321,461737.559,5065375.219
3825861.086,461728.540,5065365.703
3825865.786,461721.472,5065362.814
3825870.922,461706.579,5065360.304
3825869.100,461698.826,5065362.373
3825862.880,461680.228,5065368.722
3825857.786,461678.426,5065372.709
3825859.504,461672.438,5065371.961
3825828.576,461667.795,5065395.595
3825814.881,461687.771,5065404.069
3825809.746,461707.055,5065406.181
3825813.712,461722.027,5065401.851
3825843.648,461745.103,5065377.294
3825859.429,461733.488,5065366.499
3825871.022,461725.094,5065358.556
3825869.866,461682.198,5065363.301
3826304.675,462822.765,5064934.074
3826302.656,462822.522,5064935.612
3826303.337,462824.870,5064934.888
3826305.475,462825.128,5064933.260
3826306.694,462823.008,5064932.536
3826306.013,462820.660,5064933.260
3826303.875,462820.402,5064934.888
3826300.196,462824.601,5064937.270
3826302.038,462827.698,5064935.608
3826305.113,462828.486,5064933.228
3826307.983,462826.597,5064931.244
3826309.306,462822.915,5064930.585
3826308.461,462819.163,5064931.558
3826305.845,462817.096,5064933.708
3826302.682,462817.682,5064936.030
3826300.451,462820.646,5064937.436
3826297.636,462820.127,5064939.596
3826296.764,462823.663,5064939.931
3826297.579,462828.523,5064938.880
3826302.259,462832.526,5064935.005
3826304.810,462832.878,5064933.059
3826308.144,462831.606,5064930.671
3826310.375,462828.247,5064929.300
3826311.863,462822.682,5064928.686
3826311.797,462817.921,5064929.166
3826309.701,462814.559,5064931.043
3826306.661,462813.691,5064933.403
3826302.782,462814.197,5064936.270
3826299.484,462816.605,5064938.527
3826293.526,462820.053,5064942.688
3826292.832,462823.803,5064942.869
3826293.629,462826.700,5064942.009
3826297.444,462832.834,5064938.591
3826297.920,462835.725,5064937.973
3826303.892,462836.047,5064933.461
3826307.907,462834.976,5064930.545
3826312.137,462834.117,5064927.447
3826312.944,462830.872,5064927.135
3826314.520,462826.458,5064926.350
3826315.057,462819.478,5064926.578
3826314.815,462816.735,5064927.008
3826312.103,462812.816,5064929.397
3826310.583,462809.240,5064930.862
3826303.517,462808.834,5064936.202
3826300.469,462810.214,5064938.366
3826296.569,462812.991,5064941.042
3826312.455,462758.178,5064934.072
3826253.155,462816.558,5064973.307
3826292.973,462813.159,5064943.726
3826290.544,462813.823,5064945.489
3826288.940,462829.265,5064945.298
3826297.412,462840.807,5064937.895
3826300.873,462842.935,5064935.105
3826310.281,462839.261,5064928.375
3826317.718,462829.297,5064923.693
3826321.041,462822.305,5064921.831
3826315.488,462810.079,5064927.104
3826311.161,462804.263,5064930.878
3826303.200,462804.300,5064936.850
3826297.814,462800.003,5064941.281
3826289.244,462807.957,5064946.995
3826284.651,462819.748,5064949.377
3826284.222,462826.001,5064949.134
3826284.909,462834.315,5064947.867
3826295.915,462844.586,5064938.677
3826301.868,462847.064,5064933.984
3826312.965,462846.136,5064925.739
3826321.251,462835.874,5064920.447
3826324.941,462827.571,5064918.428
3826324.031,462816.001,5064920.156
3826318.958,462801.580,5064925.268
3826305.794,462795.807,5064935.671
3826295.755,462790.694,5064943.668
3826287.143,462801.549,5064949.152
3826280.948,462814.319,5064952.647
3826278.600,462821.897,5064953.725
3826282.665,462839.755,5064949.059
3826291.445,462853.445,5064941.232
3826300.802,462856.628,5064933.921
3826307.601,462852.224,5064929.215
3826319.315,462850.569,5064920.572
3826329.246,462835.543,5064914.475
3826331.328,462826.857,5064913.698
3826331.262,462810.969,5064915.183
3826327.021,462804.982,5064918.908
3826315.122,462791.558,5064929.053
3826309.766,462792.541,5064932.984
3826309.415,462786.326,5064933.809
3826278.958,462797.880,5064955.627
3826272.681,462822.628,5064958.101
3826274.183,462842.433,5064955.184
3826282.794,462853.768,5064947.696
3826318.344,462859.157,5064920.525
3826329.309,462840.792,5064913.954
3826337.410,462827.426,5064909.081
3826322.300,462789.776,5064923.826
3826709.325,461913.423,5064713.578
3826707.306,461913.180,5064715.116
3826707.987,461915.528,5064714.392
3826710.125,461915.786,5064712.764
3826711.344,461913.666,5064712.040
3826710.663,461911.318,5064712.764
3826708.525,461911.060,5064714.392
3826711.021,461918.687,5064711.829
3826713.404,461915.913,5064710.291
3826713.878,461911.973,5064710.291
3826712.222,461908.713,5064711.829
3826709.211,461907.656,5064714.185
3826706.252,461909.298,5064716.257
3826704.732,461912.870,5064717.076
3826705.360,461916.700,5064716.258
3826707.844,461918.998,5064714.185
3826707.572,461922.570,5064714.067
3826710.444,461923.093,5064711.864
3826714.290,461921.314,5064709.138
3826717.255,461914.874,5064707.495
3826717.406,461911.654,5064707.672
3826716.221,461907.720,5064708.917
3826713.421,461905.486,5064711.221
3826708.894,461904.521,5064714.706
3826705.090,461905.357,5064717.486
3826702.508,461908.489,5064719.141
3826701.967,461912.396,5064719.194
3826702.568,461917.127,5064718.315
3826704.661,461920.836,5064716.409
3826707.722,461927.681,5064713.493
3826710.756,461927.946,5064711.191
3826713.032,461926.500,5064709.613
3826717.745,461920.796,5064706.592
3826720.033,461919.748,5064704.969
3826719.987,461912.291,5064705.677
3826718.928,461907.481,5064706.907
3826718.026,461902.369,5064708.046
3826715.390,461901.885,5064710.068
3826711.780,461900.628,5064712.892
3826706.169,461901.067,5064717.063
3826703.988,461901.802,5064718.634
3826700.992,461905.785,5064720.523
3826698.208,461908.238,5064722.391
3826698.242,461917.065,5064721.568
3826699.500,461920.628,5064720.301
3826701.919,461925.023,5064718.088
3826668.597,461875.751,5064747.554
3826676.825,461966.255,5064733.198
3826702.235,461929.458,5064717.450
3826702.890,461932.365,5064716.696
3826715.321,461931.909,5064707.406
3826724.123,461919.574,5064701.915
3826725.649,461914.945,5064701.187
3826722.234,461903.858,5064704.753
3826713.888,461896.212,5064711.708
3826708.127,461893.198,5064716.305
3826698.631,461902.021,5064722.636
3826694.198,461908.309,5064725.395
3826694.632,461918.177,5064724.177
3826691.467,461925.537,5064725.887
3826698.264,461934.906,5064719.939
3826707.927,461938.737,5064712.340
3826712.950,461938.278,5064708.611
3826719.565,461936.110,5064703.841
3826727.221,461920.833,5064699.475
3826728.901,461913.056,5064698.917
3826727.597,461899.440,5064701.126
3826718.969,461890.789,5064708.385
3826712.141,461887.527,5064713.805
3826702.934,461890.487,5064720.448
3826691.658,461899.063,5064728.137
3826687.710,461916.308,5064729.542
3826684.129,461929.565,5064731.032
3826693.245,461938.530,5064723.379
3826703.771,461944.190,5064714.966
3826709.952,461945.901,5064710.172
3826724.029,461938.029,5064700.317
3826734.536,461924.972,5064693.610
3826736.605,461912.862,5064693.152
3826732.741,461905.124,5064696.752
3826730.819,461890.862,5064699.483
3826718.302,461880.923,5064709.778
3826711.248,461879.721,5064715.181
3826698.546,461882.310,5064724.481
3826693.965,461888.527,5064727.358
3826683.833,461905.406,5064733.437
3826684.891,461911.899,5064732.056
3826679.940,461913.317,5064735.645
3826690.723,461949.255,5064724.302
3826710.841,461953.129,5064708.851
3826726.604,461948.129,5064697.471
3826735.234,461935.652,5064692.121
3826737.739,461890.709,5064694.303
3826722.492,461880.018,5064706.714
3826711.396,461872.084,5064715.760
3826682.051,461896.791,5064735.554
3827413.261,460992.019,5064269.684
3827411.242,460991.776,5064271.222
3827411.923,460994.124,5064270.498
3827414.061,460994.382,5064268.870
3827415.280,460992.262,5064268.146
3827414.599,460989.914,5064268.870
3827412.461,460989.656,5064270.498
3827416.083,460996.417,5064267.168
3827417.795,460992.973,5064266.195
3827417.385,460989.082,5064266.854
3827415.045,460986.565,5064268.838
3827411.871,460986.601,5064271.217
3827409.347,460989.171,5064272.880
3827408.655,460993.075,5064273.046
3827410.118,460996.483,5064271.640
3827413.051,460997.803,5064269.319
3827413.577,461001.278,5064268.610
3827416.498,461000.785,5064266.462
3827419.857,460997.779,5064264.212
3827421.323,460990.667,5064263.754
3827420.757,460987.568,5064264.459
3827418.728,460984.251,5064266.282
3827415.500,460983.100,5064268.810
3827410.867,460983.742,5064272.229
3827407.339,460985.841,5064274.688
3827405.512,460989.693,5064275.711
3827405.850,460993.577,5064275.106
3827407.487,460997.847,5064273.491
3827410.352,461000.638,5064271.089
3827414.856,461006.063,5064267.217
3827417.877,461005.271,5064265.021
3827419.778,461003.120,5064263.789
3827423.115,460996.103,5064261.918
3827425.116,460994.325,5064260.577
3827423.418,460987.283,5064262.488
3827421.318,460983.095,5064264.443
3827419.304,460978.568,5064266.364
3827416.624,460979.015,5064268.335
3827412.821,460979.066,5064271.185
3827407.442,460981.411,5064275.011
3827405.475,460982.857,5064276.356
3827403.433,460987.656,5064277.455
3827401.259,460990.934,5064278.791
3827403.249,460999.276,5064276.543
3827405.267,461002.215,5064274.763
3827408.603,461005.543,5064271.958
3827453.989,461029.691,5064235.708
3827445.761,460939.187,5064250.064
3827409.895,461009.631,5064270.619
3827411.178,461012.156,5064269.427
3827423.213,461007.452,5064260.819
3827429.069,460992.754,5064257.751
3827429.534,460987.848,5064257.846
3827423.742,460978.529,5064263.036
3827413.901,460974.162,5064270.818
3827407.609,460973.290,5064275.620
3827400.295,460984.905,5064280.060
3827397.361,460992.379,5064281.586
3827399.971,461001.568,5064278.796
3827398.514,461009.621,5064279.162
3827407.225,461016.152,5064272.033
3827417.508,461016.454,5064264.288
3827422.309,461014.294,5064260.879
3827428.286,461009.968,5064256.783
3827432.373,460992.880,5064255.260
3827432.290,460984.942,5064256.040
3827427.998,460972.506,5064260.386
3827417.658,460967.284,5064268.619
3827410.269,460966.544,5064274.232
3827401.938,460972.510,5064279.947
3827392.831,460984.502,5064285.699
3827392.797,461002.176,5064284.127
3827392.241,461015.956,5064283.298
3827403.131,461021.303,5064274.641
3827414.661,461023.043,5064265.829
3827421.073,461022.539,5064261.062
3827433.070,461010.253,5064253.167
3827440.429,460994.285,5064249.086
3827439.767,460982.114,5064250.684
3827434.277,460976.122,5064255.346
3827429.244,460963.281,5064260.285
3827414.818,460958.179,5064271.574
3827407.664,460959.462,5064276.828
3827395.840,460966.286,5064285.086
3827392.752,460973.734,5064286.731
3827386.602,460993.196,5064289.588
3827389.073,460998.972,5064287.212
3827384.553,461002.017,5064290.329
3827403.049,461032.326,5064273.706
3827423.539,461029.071,5064258.620
3827437.819,461018.923,5064248.819
3827443.477,461004.151,5064245.907
3827435.962,460960.755,5064255.470
3827418.711,460955.876,5064268.860
3827406.117,460952.187,5064278.647
3827382.946,460985.652,5064293.015
3827946.312,459792.315,5063989.756
3827944.292,459792.072,5063991.294
3827944.974,459794.420,5063990.570
3827947.112,459794.678,5063988.942
3827948.332,459792.558,5063988.218
3827947.650,459790.210,5063988.942
3827945.512,459789.952,5063990.570
3827950.846,459793.269,5063986.267
3827950.436,459789.378,5063986.926
3827948.096,459786.861,5063988.909
3827944.921,459786.897,5063991.289
3827942.397,459789.467,5063992.951
3827941.705,459793.371,5063993.118
3827943.169,459796.779,5063991.712
3827946.102,459798.099,5063989.391
3827949.135,459796.713,5063987.241
3827951.353,459798.832,5063985.385
3827953.436,459796.132,5063984.065
3827954.572,459791.239,5063983.654
3827952.069,459784.863,5063986.108
3827950.014,459783.050,5063987.814
3827946.675,459782.252,5063990.392
3827943.494,459783.998,5063992.622
3827940.116,459788.182,5063994.780
3827938.376,459792.544,5063995.692
3827938.905,459796.826,5063994.908
3827941.183,459799.394,5063992.966
3827944.701,459801.206,5063990.162
3827948.438,459800.950,5063987.381
3827954.849,459801.306,5063982.537
3827956.859,459798.306,5063981.299
3827957.270,459795.208,5063981.270
3827956.315,459787.402,5063982.692
3827956.998,459784.497,5063982.442
3827951.998,459780.709,5063986.537
3827948.150,459779.331,5063989.549
3827944.197,459777.635,5063992.669
3827942.282,459780.109,5063993.883
3827939.264,459783.196,5063995.869
3827936.168,459789.222,5063997.649
3827935.340,459791.856,5063998.032
3827936.186,459797.002,5063996.932
3827936.139,459801.142,5063996.594
3827942.046,459805.647,5063991.754
3827945.181,459806.179,5063989.353
3827949.573,459805.939,5063986.078
3827954.090,459727.728,5063989.751
3827894.790,459786.107,5064028.985
3827952.721,459807.891,5063983.539
3827955.055,459808.711,5063981.714
3827962.261,459795.624,5063977.488
3827959.352,459780.180,5063981.065
3827957.187,459776.219,5063983.047
3827947.731,459774.049,5063990.340
3827937.592,459778.745,5063997.526
3827932.103,459783.150,5064001.248
3827932.250,459797.507,5063999.841
3827933.765,459805.324,5063997.998
3827940.606,459809.951,5063992.446
3827943.602,459817.008,5063989.560
3827953.955,459814.801,5063981.990
3827962.346,459806.780,5063976.416
3827965.074,459801.350,5063974.859
3827967.624,459793.396,5063973.663
3827962.063,459777.624,5063979.261
3827957.892,459771.887,5063982.909
3827948.026,459766.232,5063990.825
3827937.046,459770.702,5063998.662
3827930.746,459776.085,5064002.904
3827927.158,459787.126,5064004.600
3827926.065,459803.195,5064003.969
3827935.175,459816.147,5063995.963
3827941.854,459826.669,5063990.000
3827953.339,459821.852,5063981.815
3827963.472,459813.880,5063974.930
3827968.347,459808.370,5063971.769
3827971.602,459789.769,5063971.005
3827969.240,459772.193,5063974.365
3827962.418,459763.824,5063980.241
3827954.924,459763.843,5063985.863
3827944.254,459758.487,5063994.355
3827930.064,459766.322,5064004.298
3827924.999,459772.993,5064007.497
3827919.057,459787.463,5064010.649
3827920.435,459795.385,5064008.900
3827925.571,459814.546,5064003.315
3827930.536,459816.789,5063999.387
3827928.490,459822.639,5064000.394
3827958.972,459829.977,5063976.854
3827973.699,459811.171,5063967.499
3827979.888,459792.303,5063964.558
3827976.782,459776.964,5063968.274
3827948.329,459751.254,5063991.950
3827931.991,459761.517,5064003.285
3827919.998,459768.914,5064011.618
3827918.742,459811.961,5064008.674
3826766.502,460100.064,5064836.210
3826764.483,460099.821,5064837.748
3826765.164,460102.169,5064837.024
3826767.302,460102.427,5064835.396
3826768.521,460100.307,5064834.672
3826767.840,460097.959,5064835.396
3826765.702,460097.701,5064837.024
3826761.896,460101.120,5064839.572
3826763.359,460104.528,5064838.166
3826766.292,460105.848,5064835.845
3826769.324,460104.462,5064833.694
3826771.036,460101.018,5064832.721
3826770.626,460097.127,5064833.380
3826768.286,460094.610,5064835.364
3826765.112,460094.646,5064837.743
3826762.588,460097.216,5064839.406
3826759.881,460096.210,5064841.528
3826758.626,460099.587,5064842.165
3826758.883,460104.578,5064841.521
3826763.035,460109.384,5064837.970
3826765.503,460110.177,5064836.046
3826768.922,460109.488,5064833.542
3826771.490,460106.523,5064831.883
3826773.575,460101.228,5064830.796
3826774.043,460096.467,5064830.874
3826772.359,460092.749,5064832.475
3826769.470,460091.354,5064834.770
3826765.601,460091.186,5064837.689
3826762.090,460093.017,5064840.159
3826755.849,460095.423,5064844.626
3826754.748,460099.045,5064845.125
3826755.206,460102.073,5064844.507
3826758.269,460108.856,5064841.595
3826758.413,460111.824,5064841.219
3826764.246,460113.180,5064836.718
3826768.312,460112.809,5064833.700
3826772.565,460112.686,5064830.518
3826773.720,460109.589,5064829.931
3826775.764,460105.459,5064828.771
3826777.073,460098.586,5064828.409
3826777.141,460095.807,5064828.609
3826774.916,460091.426,5064830.675
3826773.822,460087.594,5064831.843
3826766.923,460085.963,5064837.168
3826763.773,460086.810,5064839.457
3826759.630,460088.905,5064842.377
3826807.229,460137.733,5064802.235
3826799.000,460047.234,5064816.592
3826756.077,460088.449,5064845.085
3826753.616,460088.690,5064846.911
3826750.311,460103.819,5064848.024
3826757.345,460116.805,5064841.570
3826760.508,460119.530,5064838.950
3826770.165,460117.496,5064831.885
3826778.589,460108.846,5064826.344
3826782.637,460102.446,5064823.884
3826778.548,460089.283,5064828.143
3826774.946,460082.729,5064831.438
3826767.120,460081.384,5064837.435
3826762.308,460076.161,5064841.519
3826752.995,460082.610,5064847.926
3826747.162,460093.578,5064851.313
3826746.040,460099.743,5064851.598
3826745.784,460108.159,5064851.030
3826755.450,460120.316,5064842.675
3826761.024,460123.822,5064838.174
3826772.033,460124.822,5064829.821
3826781.324,460116.021,5064823.642
3826785.880,460108.377,5064820.913
3826786.281,460096.675,5064821.670
3826782.910,460081.406,5064825.581
3826770.619,460073.360,5064835.533
3826761.326,460066.515,5064843.127
3826751.646,460075.852,5064849.549
3826744.130,460087.518,5064854.137
3826740.974,460094.673,5064855.859
3826742.970,460113.196,5064852.687
3826750.066,460128.379,5064845.987
3826758.905,460133.180,5064838.919
3826766.081,460129.966,5064833.823
3826777.777,460130.348,5064825.009
3826789.219,460117.079,5064817.621
3826792.237,460108.773,5064816.105
3826793.951,460092.908,5064816.253
3826790.453,460086.199,5064819.485
3826780.262,460070.738,5064828.532
3826774.888,460070.790,5064832.562
3826775.239,460064.528,5064832.864
3826744.014,460070.770,5064855.737
3826735.076,460094.375,5064860.313
3826734.335,460114.396,5064859.060
3826741.529,460127.202,5064852.503
3826775.861,460138.748,5064825.688
3826788.693,460122.327,5064817.541
3826798.150,460110.397,5064811.520
3826787.515,460070.207,5064823.136
3825626.175,460641.786,5065640.512
3825624.156,460641.543,5065642.050
3825624.837,460643.891,5065641.326
3825626.975,460644.149,5065639.698
3825628.194,460642.029,5065638.974
3825627.513,460639.681,5065639.698
3825625.375,460639.423,5065641.326
3825627.959,460636.332,5065639.666
3825624.785,460636.368,5065642.045
3825622.261,460638.938,5065643.708
3825621.569,460642.842,5065643.874
3825623.032,460646.250,5065642.468
3825625.965,460647.570,5065640.147
3825628.997,460646.184,5065637.996
3825630.709,460642.740,5065637.023
3825630.299,460638.849,5065637.682
3825632.480,460636.380,5065636.268
3825630.814,460633.496,5065637.779
3825627.198,460631.513,5065640.673
3825621.580,460633.818,5065644.681
3825619.677,460636.124,5065645.901
3825618.288,460640.129,5065646.582
3825618.949,460644.246,5065645.714
3825621.496,460648.897,5065643.382
3825624.556,460651.560,5065640.844
3825628.067,460651.427,5065638.221
3825630.618,460648.938,5065636.531
3825632.851,460644.834,5065635.225
3825633.497,460640.215,5065635.158
3825635.233,460632.383,5065634.563
3825633.313,460629.553,5065636.260
3825630.953,460628.676,5065638.111
3825624.554,460628.911,5065642.893
3825622.409,460627.722,5065644.610
3825618.273,460633.406,5065647.200
3825616.309,460637.964,5065648.263
3825614.068,460642.615,5065649.524
3825615.594,460645.266,5065648.140
3825617.354,460649.344,5065646.450
3825621.423,460653.872,5065642.986
3825623.322,460655.206,5065641.441
3825627.590,460654.787,5065638.275
3825630.857,460655.342,5065635.772
3825635.766,460648.630,5065632.694
3825636.898,460644.844,5065632.187
3825637.704,460639.421,5065632.072
3825577.668,460668.704,5065674.489
3825645.197,460700.823,5065620.898
3825639.966,460635.791,5065630.702
3825641.144,460633.023,5065630.068
3825632.414,460622.598,5065637.563
3825619.523,460624.310,5065647.084
3825615.896,460626.492,5065649.610
3825612.030,460637.844,5065651.486
3825613.449,460650.861,5065649.244
3825615.693,460658.132,5065646.903
3825627.096,460659.681,5065638.203
3825633.630,460658.762,5065633.382
3825638.847,460650.917,5065630.175
3825645.117,460648.087,5065625.725
3825645.718,460635.107,5065626.447
3825641.269,460623.837,5065630.805
3825637.588,460619.832,5065633.929
3825631.867,460615.742,5065638.593
3825618.114,460620.673,5065648.471
3825612.624,460625.104,5065652.191
3825605.907,460636.541,5065656.200
3825606.956,460650.564,5065654.145
3825609.789,460658.948,5065651.261
3825617.719,460664.684,5065644.790
3825630.198,460667.961,5065635.127
3825642.522,460658.333,5065626.746
3825652.371,460651.398,5065619.980
3825651.161,460636.712,5065622.216
3825647.148,460623.308,5065626.440
3825643.891,460616.658,5065629.486
3825629.897,460610.420,5065640.553
3825615.443,460611.205,5065651.332
3825607.266,460618.575,5065656.803
3825605.580,460627.781,5065657.237
3825598.918,460640.240,5065661.111
3825601.902,460658.611,5065657.211
3825606.036,460665.635,5065653.473
3825616.147,460674.674,5065645.066
3825622.734,460673.936,5065640.189
3825639.074,460669.935,5065628.285
3825641.977,460664.109,5065626.633
3825646.146,460667.324,5065623.213
3825658.875,460630.772,5065616.963
3825647.324,460610.423,5065627.472
3825633.785,460600.550,5065638.527
3825620.932,460602.517,5065647.997
3825594.115,460634.366,5065665.248
3825598.534,460655.665,5065660.005
3825601.672,460671.285,5065656.238
3825635.477,460678.010,5065630.255
