-2564897.754000,5085472.868000,-2860897.728000
-2564857.457000,5085483.379000,-2860915.054000
-2564879.572000,5085459.774000,-2860937.039000
-2564915.084000,5085446.228000,-2860929.333000
-2564937.929000,5085452.164000,-2860898.506000
-2564930.594000,5085473.758000,-2860866.911000
-2564898.762000,5085494.730000,-2860858.228000
-2564866.129000,5085499.150000,-2860879.485000
-2564769.654000,5085506.402000,-2860952.591000
-2564728.973000,5085523.918000,-2860957.889000
-2564740.854000,5085501.620000,-2860986.680000
-2564774.927000,5085482.374000,-2860990.321000
-2564804.592000,5085481.565000,-2860965.333000
-2564808.055000,5085499.508000,-2860930.569000
-2564782.302000,5085522.856000,-2860912.276000
-2564746.969000,5085533.557000,-2860924.845000
-2564840.070000,5085431.403000,-2861022.309000
-2564809.171000,5085457.775000,-2861003.261000
-2564799.381000,5085443.055000,-2861037.968000
-2564820.592000,5085419.514000,-2861060.643000
-2564856.034000,5085404.681000,-2861055.272000
-2564879.206000,5085410.251000,-2861024.804000
-2564874.056000,5085431.078000,-2860992.617000
-2564842.712000,5085452.727000,-2860982.306000
-2564952.972000,5085388.284000,-2860997.899000
-2564926.036000,5085415.379000,-2860974.049000
-2564911.788000,5085403.348000,-2861007.977000
-2564927.952000,5085380.310000,-2861034.258000
-2564963.087000,5085362.797000,-2861033.890000
-2564990.549000,5085364.948000,-2861005.638000
-2564989.254000,5085384.672000,-2860971.967000
-2564960.965000,5085407.078000,-2860957.599000
-2565025.504000,5085407.082000,-2860900.116000
-2565024.055000,5085429.920000,-2860861.081000
-2564992.117000,5085433.027000,-2860884.040000
-2564986.006000,5085416.571000,-2860918.538000
-2565008.809000,5085393.403000,-2860939.136000
-2565044.298000,5085380.097000,-2860931.023000
-2565065.466000,5085387.366000,-2860899.338000
-2565057.238000,5085409.133000,-2860868.233000
-2565002.136000,5085475.542000,-2860800.047000
-2564961.634000,5085487.148000,-2860815.626000
-2564982.229000,5085463.731000,-2860838.631000
-2565017.929000,5085449.078000,-2860832.711000
-2565042.013000,5085454.137000,-2860802.329000
-2565035.980000,5085475.441000,-2860770.083000
-2565005.167000,5085496.533000,-2860760.282000
-2564972.139000,5085502.114000,-2860779.844000
-2564900.903000,5085542.231000,-2860772.447000
-2564895.715000,5085522.064000,-2860812.678000
-2564929.529000,5085515.525000,-2860794.110000
-2564942.018000,5085528.794000,-2860759.558000
-2564923.281000,5085552.075000,-2860735.134000
-2564888.365000,5085568.216000,-2860737.730000
-2564862.600000,5085564.749000,-2860766.797000
-2564865.069000,5085544.899000,-2860799.648000
-2564797.199000,5085556.349000,-2860839.872000
-2564835.920000,5085549.601000,-2860817.304000
-2564809.118000,5085572.814000,-2860800.184000
-2564773.854000,5085583.630000,-2860812.489000
-2564756.399000,5085573.498000,-2860845.923000
-2564769.116000,5085550.626000,-2860874.985000
-2564803.619000,5085531.836000,-2860877.438000
-2564833.021000,5085531.828000,-2860851.270000
-2565157.274000,5085354.776000,-2860875.115000
-2565140.506000,5085381.471000,-2860842.915000
-2565117.882000,5085375.555000,-2860873.510000
-2565124.040000,5085354.342000,-2860905.480000
-2565155.725000,5085333.037000,-2860914.879000
-2565188.983000,5085328.266000,-2860893.681000
-2565197.786000,5085343.476000,-2860858.986000
-2565176.328000,5085367.300000,-2860836.031000
-2565145.273000,5085425.231000,-2860761.401000
-2565104.257000,5085442.132000,-2860768.090000
-2565118.188000,5085418.973000,-2860796.575000
-2565152.415000,5085400.760000,-2860798.249000
-2565181.670000,5085400.770000,-2860772.176000
-2565183.471000,5085419.056000,-2860738.283000
-2565156.621000,5085442.219000,-2860721.297000
-2565121.610000,5085452.324000,-2860734.639000
-2565073.405000,5085510.596000,-2860674.674000
-2565113.041000,5085502.171000,-2860654.249000
-2565087.986000,5085525.935000,-2860634.602000
-2565052.513000,5085537.728000,-2860645.373000
-2565032.555000,5085529.039000,-2860678.491000
-2565043.936000,5085506.411000,-2860708.311000
-2565077.255000,5085487.039000,-2860712.843000
-2565107.938000,5085485.133000,-2860688.881000
-2564964.823000,5085584.353000,-2860641.140000
-2564949.876000,5085610.841000,-2860607.676000
-2564925.317000,5085605.812000,-2860638.431000
-2564931.165000,5085584.646000,-2860670.598000
-2564961.826000,5085563.252000,-2860681.070000
-2564994.628000,5085557.930000,-2860661.253000
-2565005.648000,5085571.819000,-2860626.913000
-2564986.112000,5085595.371000,-2860602.722000
-2564838.696000,5085631.734000,-2860669.801000
-2564802.729000,5085634.470000,-2860697.000000
-2564832.085000,5085612.497000,-2860709.659000
-2564866.627000,5085604.554000,-2860692.921000
-2564879.552000,5085617.430000,-2860658.674000
-2564862.395000,5085640.775000,-2860632.729000
-2564826.826000,5085657.454000,-2860634.953000
-2564800.825000,5085654.646000,-2860663.068000
-2564725.373000,5085645.551000,-2860746.322000
-2564734.283000,5085663.738000,-2860706.273000
-2564699.314000,5085672.667000,-2860721.645000
-2564684.511000,5085660.748000,-2860755.875000
-2564700.153000,5085637.690000,-2860782.663000
-2564735.355000,5085620.107000,-2860782.361000
-2564762.845000,5085621.873000,-2860754.763000
-2564762.519000,5085641.181000,-2860720.958000
-2564653.263000,5085618.756000,-2860857.851000
-2564690.952000,5085595.442000,-2860865.455000
-2564689.692000,5085615.260000,-2860831.585000
-2564660.926000,5085637.629000,-2860817.700000
-2564625.964000,5085645.886000,-2860834.254000
-2564611.721000,5085633.861000,-2860868.170000
-2564628.707000,5085610.135000,-2860894.939000
-2564664.259000,5085593.202000,-2860893.180000
-2564637.253000,5085557.894000,-2860979.570000
-2564598.349000,5085565.556000,-2861000.682000
-2564623.233000,5085542.604000,-2861019.051000
-2564658.731000,5085530.862000,-2861008.175000
-2564678.347000,5085539.695000,-2860975.112000
-2564666.120000,5085562.611000,-2860945.539000
-2564632.164000,5085581.778000,-2860941.931000
-2564602.276000,5085582.698000,-2860966.919000
-2564680.606000,5085476.722000,-2861084.287000
-2564696.628000,5085450.002000,-2861117.197000
-2564720.286000,5085455.587000,-2861086.270000
-2564713.926000,5085477.240000,-2861053.704000
-2564682.727000,5085498.206000,-2861044.466000
-2564649.233000,5085503.278000,-2861065.334000
-2564639.864000,5085488.355000,-2861100.024000
-2564661.060000,5085464.606000,-2861123.082000
-2564773.435000,5085397.361000,-2861141.746000
-2564735.938000,5085421.096000,-2861133.228000
-2564736.294000,5085401.452000,-2861167.593000
-2564765.317000,5085378.737000,-2861181.854000
-2564799.982000,5085370.047000,-2861166.330000
-2564814.387000,5085382.081000,-2861132.259000
-2564798.938000,5085405.188000,-2861105.219000
-2564764.098000,5085422.491000,-2861105.692000
-2564892.666000,5085333.017000,-2861149.176000
-2564852.053000,5085344.929000,-2861164.310000
-2564872.654000,5085321.151000,-2861187.946000
-2564908.408000,5085306.541000,-2861181.901000
-2564932.538000,5085311.538000,-2861151.593000
-2564926.440000,5085332.823000,-2861119.445000
-2564895.373000,5085353.896000,-2861109.904000
-2564862.294000,5085359.549000,-2861129.380000
-2565016.507000,5085302.525000,-2861092.731000
-2565048.018000,5085304.644000,-2861060.930000
-2565015.276000,5085325.002000,-2861054.144000
-2564983.422000,5085328.295000,-2861076.697000
-2564976.560000,5085311.940000,-2861111.684000
-2565000.318000,5085288.215000,-2861132.412000
-2565036.184000,5085275.571000,-2861122.796000
-2565056.986000,5085282.954000,-2861091.237000
-2565111.942000,5085309.321000,-2860995.743000
-2565092.530000,5085297.057000,-2861034.685000
-2565128.079000,5085282.570000,-2861028.603000
-2565151.405000,5085288.112000,-2860998.044000
-2565145.336000,5085309.543000,-2860965.611000
-2565114.284000,5085330.622000,-2860956.049000
-2565081.217000,5085335.707000,-2860976.520000
-2565071.099000,5085321.021000,-2861011.460000
-2565290.646000,5085346.907000,-2860770.219000
-2565290.032000,5085325.169000,-2860809.148000
-2565322.393000,5085320.869000,-2860787.916000
-2565330.915000,5085336.428000,-2860752.853000
-2565308.609000,5085359.986000,-2860731.125000
-2565272.780000,5085373.677000,-2860738.864000
-2565250.640000,5085367.222000,-2860769.982000
-2565258.527000,5085345.529000,-2860801.260000
-2565252.882000,5085427.670000,-2860661.247000
-2565211.434000,5085444.511000,-2860668.428000
-2565226.031000,5085421.170000,-2860696.642000
-2565260.048000,5085403.249000,-2860697.987000
-2565288.653000,5085403.402000,-2860672.237000
-2565290.887000,5085421.754000,-2860637.842000
-2565264.413000,5085444.469000,-2860621.311000
-2565228.976000,5085454.966000,-2860634.343000
-2565177.261000,5085514.649000,-2860575.013000
-2565178.870000,5085536.241000,-2860535.450000
-2565146.120000,5085541.007000,-2860556.206000
-2565136.604000,5085526.213000,-2860590.808000
-2565157.569000,5085502.580000,-2860613.867000
-2565193.619000,5085488.089000,-2860607.344000
-2565217.230000,5085493.245000,-2860577.208000
-2565210.786000,5085514.906000,-2860544.697000
-2565072.262000,5085595.727000,-2860525.362000
-2565085.351000,5085611.751000,-2860485.405000
-2565049.982000,5085622.737000,-2860497.508000
-2565031.236000,5085613.558000,-2860530.414000
-2565043.399000,5085590.934000,-2860559.534000
-2565077.233000,5085571.765000,-2860563.248000
-2565107.444000,5085570.622000,-2860538.358000
-2565111.439000,5085588.005000,-2860504.103000
-2564946.115000,5085662.495000,-2860519.809000
-2564939.711000,5085643.185000,-2860559.614000
-2564974.199000,5085635.418000,-2860542.612000
-2564987.579000,5085648.005000,-2860508.466000
-2564969.425000,5085671.825000,-2860482.571000
-2564934.016000,5085688.358000,-2860484.912000
-2564907.868000,5085685.325000,-2860513.555000
-2564910.194000,5085665.412000,-2860546.650000
-2564819.364000,5085709.966000,-2860548.866000
-2564807.883000,5085735.731000,-2860513.589000
-2564781.000000,5085733.226000,-2860541.957000
-2564782.827000,5085713.582000,-2860575.021000
-2564811.969000,5085690.853000,-2860589.205000
-2564846.432000,5085682.908000,-2860572.543000
-2564860.515000,5085694.966000,-2860538.706000
-2564844.156000,5085718.480000,-2860511.749000
-2564699.553000,5085729.912000,-2860620.344000
-2564668.293000,5085756.103000,-2860601.929000
-2564658.893000,5085740.939000,-2860637.080000
-2564680.654000,5085717.227000,-2860659.575000
-2564716.468000,5085703.151000,-2860652.539000
-2564739.303000,5085709.268000,-2860621.400000
-2564732.336000,5085730.777000,-2860589.622000
-2564700.224000,5085751.970000,-2860580.793000
-2564600.691000,5085723.163000,-2860720.302000
-2564562.376000,5085745.902000,-2860714.264000
-2564565.386000,5085725.598000,-2860747.438000
-2564594.854000,5085703.452000,-2860760.305000
-2564628.464000,5085696.243000,-2860743.106000
-2564641.783000,5085708.975000,-2860708.762000
-2564623.939000,5085732.462000,-2860683.177000
-2564588.934000,5085749.000000,-2860685.145000
-2564532.218000,5085690.108000,-2860839.643000
-2564522.856000,5085715.326000,-2860803.448000
-2564494.887000,5085713.911000,-2860830.852000
-2564495.026000,5085694.738000,-2860864.583000
-2564522.962000,5085672.140000,-2860879.612000
-2564558.122000,5085662.752000,-2860864.881000
-2564573.688000,5085674.087000,-2860831.005000
-2564558.260000,5085697.262000,-2860803.821000
-2564501.677000,5085633.776000,-2860966.304000
-2564460.853000,5085646.527000,-2860980.138000
-2564480.588000,5085622.972000,-2861004.158000
-2564516.129000,5085607.542000,-2860999.757000
-2564540.536000,5085612.074000,-2860970.023000
-2564536.060000,5085633.046000,-2860936.979000
-2564505.022000,5085654.554000,-2860926.637000
-2564471.530000,5085660.294000,-2860946.323000
-2564518.467000,5085558.891000,-2861083.576000
-2564482.514000,5085561.674000,-2861110.672000
-2564511.989000,5085539.277000,-2861123.974000
-2564545.965000,5085531.916000,-2861106.718000
-2564559.680000,5085544.636000,-2861072.049000
-2564541.546000,5085568.539000,-2861045.992000
-2564506.555000,5085584.705000,-2861048.603000
-2564479.889000,5085581.744000,-2861077.574000
-2564579.051000,5085473.899000,-2861179.692000
-2564597.141000,5085487.014000,-2861140.430000
-2564561.273000,5085500.647000,-2861148.297000
-2564538.853000,5085494.358000,-2861179.361000
-2564546.276000,5085472.650000,-2861211.078000
-2564578.445000,5085451.862000,-2861219.138000
-2564610.641000,5085447.859000,-2861197.540000
-2564619.451000,5085463.331000,-2861162.379000
-2564667.508000,5085389.407000,-2861250.103000
-2564627.613000,5085398.967000,-2861268.745000
-2564651.091000,5085375.416000,-2861289.419000
-2564686.743000,5085362.370000,-2861280.709000
-2564708.386000,5085369.635000,-2861248.613000
-2564698.646000,5085391.784000,-2861218.183000
-2564666.281000,5085411.894000,-2861211.496000
-2564634.852000,5085415.254000,-2861233.548000
-2564785.077000,5085315.375000,-2861276.121000
-2564765.255000,5085303.355000,-2861314.990000
-2564801.400000,5085288.571000,-2861308.908000
-2564825.017000,5085294.251000,-2861277.852000
-2564818.410000,5085315.478000,-2861246.260000
-2564787.203000,5085336.604000,-2861236.751000
-2564753.993000,5085341.996000,-2861256.802000
-2564744.314000,5085327.165000,-2861291.601000
-2564912.257000,5085255.310000,-2861268.918000
-2564897.752000,5085281.588000,-2861235.443000
-2564873.256000,5085277.036000,-2861265.291000
-2564877.909000,5085256.352000,-2861297.662000
-2564908.416000,5085234.613000,-2861308.875000
-2564942.225000,5085228.552000,-2861289.472000
-2564952.793000,5085243.025000,-2861254.512000
-2564933.225000,5085266.399000,-2861230.671000
-2565040.731000,5085221.640000,-2861213.958000
-2565076.863000,5085197.012000,-2861225.262000
-2565078.763000,5085215.693000,-2861190.590000
-2565051.749000,5085238.616000,-2861174.177000
-2565016.445000,5085248.777000,-2861187.678000
-2564999.426000,5085238.207000,-2861221.492000
-2565014.354000,5085214.842000,-2861249.447000
-2565048.910000,5085196.689000,-2861250.724000
-2565147.405000,5085216.719000,-2861127.651000
-2565118.742000,5085243.747000,-2861105.460000
-2565106.509000,5085230.103000,-2861140.443000
-2565125.121000,5085206.622000,-2861165.322000
-2565160.887000,5085190.712000,-2861161.557000
-2565186.027000,5085194.530000,-2861132.430000
-2565182.543000,5085214.946000,-2861099.487000
-2565152.656000,5085236.679000,-2861087.735000
-2565236.828000,5085234.332000,-2861016.918000
-2565236.995000,5085212.286000,-2861055.691000
-2565269.381000,5085208.083000,-2861034.267000
-2565276.786000,5085224.208000,-2860999.203000
-2565254.747000,5085247.610000,-2860977.515000
-2565218.590000,5085261.269000,-2860985.601000
-2565196.876000,5085254.462000,-2861016.958000
-2565204.755000,5085232.536000,-2861048.653000
-2565282.321000,5085280.545000,-2860894.807000
-2565317.833000,5085256.007000,-2860906.502000
-2565320.595000,5085274.057000,-2860872.171000
-2565294.829000,5085296.915000,-2860854.763000
-2565259.334000,5085307.915000,-2860866.955000
-2565240.924000,5085298.209000,-2860900.490000
-2565254.251000,5085275.136000,-2860929.357000
-2565288.397000,5085256.280000,-2860932.237000
-2570316.666000,5080687.229000,-2864510.552000
-2570304.353000,5080713.241000,-2864475.698000
-2570277.811000,5080709.957000,-2864505.141000
-2570281.440000,5080689.373000,-2864538.170000
-2570310.842000,5080667.494000,-2864550.511000
-2570345.129000,5080660.237000,-2864532.738000
-2570357.414000,5080673.608000,-2864498.232000
-2570339.580000,5080696.835000,-2864473.206000
-2572973.795000,5079506.202000,-2864221.524000
-2572964.927000,5079531.254000,-2864185.307000
-2572937.201000,5079529.963000,-2864212.319000
-2572936.277000,5079511.385000,-2864245.870000
-2572963.780000,5079488.446000,-2864261.739000
-2572998.744000,5079478.950000,-2864247.268000
-2573015.357000,5079489.693000,-2864213.518000
-2573000.335000,5079512.938000,-2864185.976000
-2572124.133000,5077232.425000,-2868980.103000
-2572164.559000,5077220.522000,-2868965.025000
-2572144.457000,5077243.884000,-2868941.859000
-2572108.908000,5077259.009000,-2868946.929000
-2572084.511000,5077253.993000,-2868977.472000
-2572090.219000,5077232.504000,-2869010.164000
-2572121.367000,5077211.144000,-2869019.974000
-2572154.739000,5077205.760000,-2868999.719000
-2580310.687000,5077346.314000,-2861468.113000
-2580285.950000,5077338.166000,-2861504.631000
-2580320.778000,5077320.816000,-2861504.014000
-2580348.333000,5077322.726000,-2861475.966000
-2580347.542000,5077342.425000,-2861441.956000
-2580318.798000,5077365.026000,-2861427.868000
-2580284.487000,5077373.543000,-2861443.588000
-2580269.595000,5077361.767000,-2861477.683000
-2585688.127000,5076403.969000,-2858305.469000
-2585692.683000,5076424.384000,-2858265.362000
-2585658.509000,5076431.040000,-2858284.328000
-2585647.226000,5076417.269000,-2858318.759000
-2585665.992000,5076393.831000,-2858343.244000
-2585701.321000,5076377.902000,-2858339.600000
-2585726.806000,5076381.425000,-2858310.484000
-2585723.045000,5076401.928000,-2858277.695000
-2590067.934000,5079855.820000,-2848257.343000
-2590027.699000,5079876.603000,-2848256.867000
-2590035.213000,5079854.749000,-2848288.797000
-2590067.507000,5079833.824000,-2848296.697000
-2590099.926000,5079829.241000,-2848275.532000
-2590107.915000,5079844.768000,-2848240.809000
-2590086.861000,5079868.012000,-2848218.648000
-2590051.255000,5079882.468000,-2848225.200000
-2597774.970000,5076296.110000,-2847589.436000
-2597805.041000,5076299.310000,-2847556.520000
-2597771.692000,5076319.327000,-2847551.297000
-2597741.279000,5076321.575000,-2847574.875000
-2597736.065000,5076304.732000,-2847609.423000
-2597760.110000,5076281.463000,-2847628.838000
-2597795.755000,5076268.836000,-2847618.897000
-2597815.303000,5076277.501000,-2847585.839000
-2557741.023000,5086922.458000,-2864699.749000
-2557714.611000,5086915.280000,-2864735.833000
-2557749.549000,5086897.537000,-2864736.143000
-2557777.700000,5086898.748000,-2864709.040000
-2557778.012000,5086917.903000,-2864674.977000
-2557750.274000,5086940.778000,-2864659.231000
-2557715.069000,5086949.478000,-2864675.107000
-2557699.931000,5086937.814000,-2864709.106000
-2554560.825000,5086512.397000,-2868239.483000
-2554563.654000,5086533.683000,-2868199.485000
-2554530.388000,5086538.918000,-2868219.693000
-2554520.061000,5086524.400000,-2868254.403000
-2554540.476000,5086500.933000,-2868277.680000
-2554576.498000,5086485.784000,-2868272.498000
-2554600.422000,5086490.884000,-2868242.350000
-2554594.881000,5086512.072000,-2868209.929000
-2551286.033000,5090051.295000,-2864896.797000
-2551289.916000,5090027.887000,-2864934.674000
-2551320.280000,5090026.121000,-2864910.930000
-2551325.436000,5090043.029000,-2864876.530000
-2551300.503000,5090066.439000,-2864857.271000
-2551265.280000,5090078.250000,-2864867.586000
-2551245.142000,5090069.808000,-2864900.297000
-2551256.136000,5090047.384000,-2864930.146000
-2552349.480000,5084795.959000,-2873213.675000
-2552349.558000,5084773.807000,-2873252.547000
-2552381.378000,5084769.906000,-2873231.328000
-2552389.584000,5084785.600000,-2873196.500000
-2552367.727000,5084809.095000,-2873174.484000
-2552331.816000,5084822.978000,-2873181.767000
-2552309.511000,5084816.214000,-2873213.338000
-2552317.168000,5084794.391000,-2873244.944000
-2552505.239000,5081173.658000,-2879434.790000
-2552540.071000,5081148.568000,-2879448.098000
-2552543.908000,5081166.123000,-2879413.949000
-2552519.026000,5081189.214000,-2879395.383000
-2552483.453000,5081200.918000,-2879406.192000
-2552464.548000,5081191.981000,-2879438.501000
-2552475.615000,5081169.260000,-2879468.582000
-2552509.391000,5081149.781000,-2879472.985000
-2556883.914000,5076074.913000,-2884504.229000
-2556866.971000,5076060.884000,-2884543.670000
-2556902.798000,5076048.007000,-2884534.633000
-2556924.735000,5076055.037000,-2884503.030000
-2556915.737000,5076077.063000,-2884472.451000
-2556882.823000,5076097.613000,-2884465.509000
-2556851.224000,5076100.669000,-2884487.990000
-2556844.363000,5076084.130000,-2884522.941000
-2554534.550000,5073658.707000,-2890787.526000
-2554569.263000,5073633.561000,-2890800.894000
-2554573.421000,5073651.438000,-2890766.077000
-2554548.193000,5073674.875000,-2890747.363000
-2554512.422000,5073685.847000,-2890759.633000
-2554493.405000,5073676.463000,-2890792.686000
-2554505.862000,5073653.507000,-2890821.773000
-2554539.428000,5073634.788000,-2890824.943000
-2566405.348000,5088858.689000,-2853565.107000
-2566395.285000,5088883.847000,-2853529.533000
-2566368.256000,5088882.101000,-2853556.771000
-2566368.117000,5088863.185000,-2853590.404000
-2566396.580000,5088840.364000,-2853605.400000
-2566431.186000,5088831.681000,-2853589.867000
-2566446.501000,5088843.125000,-2853555.912000
-2566430.686000,5088866.537000,-2853528.568000
-2570824.883000,5088245.327000,-2850698.530000
-2570805.781000,5088272.169000,-2850668.050000
-2570784.406000,5088265.226000,-2850699.508000
-2570793.464000,5088243.050000,-2850730.711000
-2570825.769000,5088222.695000,-2850737.860000
-2570857.266000,5088219.410000,-2850715.469000
-2570864.824000,5088235.403000,-2850680.346000
-2570841.499000,5088259.206000,-2850659.038000
-2563901.249000,5092232.808000,-2849819.709000
-2563915.741000,5092247.834000,-2849780.088000
-2563880.315000,5092259.792000,-2849790.521000
-2563860.816000,5092251.529000,-2849822.614000
-2563870.994000,5092229.323000,-2849852.931000
-2563904.459000,5092209.690000,-2849857.871000
-2563935.254000,5092207.543000,-2849834.162000
-2563940.618000,5092224.607000,-2849799.082000
-2560542.493000,5095493.940000,-2847027.888000
-2560580.134000,5095470.797000,-2847035.404000
-2560578.911000,5095490.483000,-2847001.499000
-2560550.143000,5095512.855000,-2846987.426000
-2560515.879000,5095520.752000,-2847003.996000
-2560501.479000,5095508.913000,-2847037.909000
-2560517.363000,5095485.807000,-2847064.795000
-2560552.313000,5095468.702000,-2847063.982000
-2556179.709000,5098972.489000,-2844734.952000
-2556160.573000,5098960.503000,-2844773.372000
-2556195.799000,5098945.977000,-2844767.795000
-2556219.496000,5098951.485000,-2844736.836000
-2556213.198000,5098972.800000,-2844704.509000
-2556181.291000,5098993.965000,-2844695.305000
-2556148.652000,5098998.636000,-2844716.120000
-2556139.171000,5098983.756000,-2844751.075000
-2548101.112000,5100607.364000,-2849019.643000
-2548129.491000,5100580.691000,-2849041.864000
-2548141.890000,5100594.040000,-2849007.110000
-2548123.595000,5100617.333000,-2848981.940000
-2548087.801000,5100633.129000,-2848985.649000
-2548062.566000,5100629.478000,-2849014.560000
-2548065.663000,5100609.438000,-2849047.447000
-2548095.792000,5100587.383000,-2849059.900000
-2542146.633000,5109331.828000,-2838756.745000
-2542105.841000,5109343.201000,-2838772.698000
-2542127.587000,5109319.451000,-2838795.814000
-2542163.732000,5109305.313000,-2838788.939000
-2542186.948000,5109310.979000,-2838758.158000
-2542179.485000,5109332.689000,-2838725.983000
-2542147.581000,5109353.603000,-2838716.972000
-2542114.640000,5109358.061000,-2838738.303000
-2564897.132000,5085473.182000,-2860897.728000
